29.12.2003,00:00:00,0.74093,0.76064,0.73996,0.75911,535670.2978000001
05.01.2004,00:00:00,0.75914,0.77830,0.75907,0.77720,717292.3034000001
12.01.2004,00:00:00,0.77706,0.78115,0.76016,0.76080,717035.2511
19.01.2004,00:00:00,0.76070,0.77965,0.75236,0.77087,714541.6349000001
26.01.2004,00:00:00,0.77090,0.78125,0.75420,0.76415,883492.4844000001
02.02.2004,00:00:00,0.76411,0.77095,0.75528,0.76643,12356604.75
09.02.2004,00:00:00,0.76642,0.79430,0.76631,0.79029,12360151.9688
16.02.2004,00:00:00,0.79022,0.80022,0.76357,0.76995,12411223.9531
23.02.2004,00:00:00,0.76978,0.78158,0.76492,0.77428,12410158.4531
01.03.2004,00:00:00,0.77412,0.77655,0.73970,0.75743,12387063.0781
08.03.2004,00:00:00,0.75745,0.76565,0.72490,0.73201,12410518.5156
15.03.2004,00:00:00,0.73230,0.75308,0.72870,0.74668,12385945.625
22.03.2004,00:00:00,0.74663,0.75573,0.73670,0.74535,12380541.5625
29.03.2004,01:00:00,0.74507,0.76910,0.74279,0.75577,12398563.0781
05.04.2004,01:00:00,0.75582,0.76905,0.75064,0.76248,12186913.6875
12.04.2004,01:00:00,0.76243,0.76886,0.72940,0.74497,12765960.9688
19.04.2004,01:00:00,0.74493,0.75107,0.72313,0.72895,13091519.6563
26.04.2004,01:00:00,0.72899,0.73670,0.71210,0.72200,13030970.7969
03.05.2004,01:00:00,0.72186,0.73418,0.70068,0.70133,13035203.3594
10.05.2004,01:00:00,0.70135,0.70235,0.68281,0.68898,12995050.3125
17.05.2004,01:00:00,0.68928,0.70335,0.67912,0.69778,13009413.875
24.05.2004,01:00:00,0.69790,0.71985,0.69411,0.71340,12892065
31.05.2004,01:00:00,0.71374,0.71740,0.68440,0.69733,12918297.3281
07.06.2004,01:00:00,0.69727,0.70770,0.68597,0.68850,13081661.5
14.06.2004,01:00:00,0.68841,0.69930,0.67753,0.68995,13295184.8281
21.06.2004,01:00:00,0.68988,0.70232,0.68414,0.69862,13416933.2813
28.06.2004,01:00:00,0.69886,0.71383,0.68715,0.71179,13369711.3594
05.07.2004,01:00:00,0.71222,0.72615,0.71088,0.72548,13372891.6563
12.07.2004,01:00:00,0.72525,0.73418,0.71933,0.73287,13410802.6094
19.07.2004,01:00:00,0.73307,0.73471,0.70673,0.70717,13404911.7031
26.07.2004,01:00:00,0.70710,0.71398,0.69304,0.70307,13469447.2344
02.08.2004,01:00:00,0.70279,0.71562,0.69845,0.71327,13500911.3906
09.08.2004,01:00:00,0.71341,0.71800,0.70547,0.71731,13501960.5625
16.08.2004,01:00:00,0.71720,0.72620,0.71276,0.72234,13468190.3594
23.08.2004,01:00:00,0.72226,0.72272,0.69924,0.70024,13557079.5625
30.08.2004,01:00:00,0.70032,0.70772,0.68805,0.69140,13689103.2656
06.09.2004,01:00:00,0.69141,0.69910,0.68498,0.69708,13644968.4063
13.09.2004,01:00:00,0.69685,0.70460,0.69290,0.69768,13676039.6719
20.09.2004,01:00:00,0.69759,0.71689,0.69687,0.71355,13697347.5313
27.09.2004,01:00:00,0.71355,0.72850,0.70954,0.72367,13751847.3438
04.10.2004,01:00:00,0.72362,0.73815,0.71818,0.73541,13729110.6719
11.10.2004,01:00:00,0.73525,0.73630,0.72111,0.73073,13797310.7031
18.10.2004,01:00:00,0.73084,0.74365,0.72174,0.74284,13738001.125
25.10.2004,01:00:00,0.74275,0.75075,0.73661,0.74900,13795763
01.11.2004,00:00:00,0.74884,0.76359,0.74310,0.76216,13718113.0313
08.11.2004,00:00:00,0.76228,0.76993,0.75490,0.76904,13675769.9688
15.11.2004,00:00:00,0.76892,0.78610,0.76820,0.78331,13742719.0938
22.11.2004,00:00:00,0.78387,0.79465,0.77676,0.78755,13768134.0625
29.11.2004,00:00:00,0.78745,0.78855,0.76951,0.78048,13861914.9688
06.12.2004,00:00:00,0.78039,0.78225,0.74418,0.75018,13773034.4219
13.12.2004,00:00:00,0.75023,0.76675,0.74976,0.76357,13923164.9844
20.12.2004,00:00:00,0.76342,0.77112,0.76094,0.76843,13916034.25
27.12.2004,00:00:00,0.76857,0.78413,0.76777,0.78261,13858911.125
03.01.2005,00:00:00,0.78282,0.78343,0.75367,0.75773,14049632.625
10.01.2005,00:00:00,0.75782,0.76958,0.75482,0.75776,14135407.125
17.01.2005,00:00:00,0.75754,0.77128,0.75027,0.76973,13786071.9688
24.01.2005,00:00:00,0.76976,0.77998,0.76241,0.77358,14329649.6094
31.01.2005,00:00:00,0.77357,0.77880,0.76594,0.76648,14274538.25
07.02.2005,00:00:00,0.76640,0.78630,0.76101,0.78594,14357489.7188
14.02.2005,00:00:00,0.78582,0.79007,0.77835,0.78858,14301252.0156
21.02.2005,00:00:00,0.78840,0.79520,0.78038,0.78752,14385320.2188
28.02.2005,00:00:00,0.78751,0.79423,0.77679,0.78945,14308266.7031
07.03.2005,00:00:00,0.78933,0.79885,0.78706,0.79329,14393754.7656
14.03.2005,00:00:00,0.79320,0.79555,0.78557,0.79301,14346553.3281
21.03.2005,00:00:00,0.79308,0.79355,0.76942,0.77132,14457530.3281
28.03.2005,01:00:00,0.77135,0.77755,0.76647,0.76867,14450573.7656
04.04.2005,01:00:00,0.76866,0.77345,0.76236,0.77102,14550750.5313
11.04.2005,01:00:00,0.77105,0.78053,0.76497,0.76889,14618210.2188
18.04.2005,01:00:00,0.76885,0.78313,0.76310,0.78110,14586758.4688
25.04.2005,01:00:00,0.78110,0.78403,0.77390,0.77917,14614654.6719
02.05.2005,01:00:00,0.77916,0.78270,0.77184,0.77478,14603224.6563
09.05.2005,01:00:00,0.77458,0.77910,0.75880,0.75913,14651881.0625
16.05.2005,01:00:00,0.75935,0.76184,0.75268,0.75507,14711871.5
23.05.2005,01:00:00,0.75496,0.76485,0.75468,0.76066,14862561.1719
30.05.2005,01:00:00,0.76059,0.76352,0.74671,0.75540,14810995.4063
06.06.2005,01:00:00,0.75562,0.77040,0.75464,0.76065,14813844.5625
13.06.2005,01:00:00,0.76063,0.77811,0.75825,0.77672,15441999.3125
20.06.2005,01:00:00,0.77688,0.78075,0.76661,0.76724,15457249.5938
27.06.2005,01:00:00,0.76725,0.77065,0.74763,0.74987,15420698.5313
04.07.2005,01:00:00,0.74995,0.75213,0.73623,0.74184,15487709.0469
11.07.2005,01:00:00,0.74182,0.75730,0.74107,0.74869,15451084.375
18.07.2005,01:00:00,0.74871,0.76833,0.74670,0.76269,15549269.3125
25.07.2005,01:00:00,0.76296,0.76435,0.75220,0.75590,15597246
01.08.2005,01:00:00,0.75567,0.77425,0.75488,0.76749,15579961.4688
08.08.2005,01:00:00,0.76756,0.77513,0.75800,0.77335,15506116.875
15.08.2005,01:00:00,0.77362,0.77379,0.74915,0.75108,15545638.9844
22.08.2005,01:00:00,0.75114,0.76170,0.75073,0.75586,15507674.0938
29.08.2005,01:00:00,0.75597,0.76705,0.74540,0.76638,15564855.9375
05.09.2005,01:00:00,0.76635,0.77655,0.76445,0.77600,15614623.0313
12.09.2005,01:00:00,0.77615,0.77655,0.76367,0.76460,15654070
19.09.2005,01:00:00,0.76440,0.77335,0.75564,0.75695,15650237.5313
26.09.2005,01:00:00,0.75685,0.76437,0.75212,0.76206,15734295.9219
03.10.2005,01:00:00,0.76192,0.76473,0.75488,0.75652,15714917.5938
10.10.2005,01:00:00,0.75655,0.76033,0.74541,0.75258,15778889.9063
17.10.2005,01:00:00,0.75247,0.75510,0.74350,0.74690,15814575.1563
24.10.2005,01:00:00,0.74696,0.76067,0.74570,0.74870,15842557.5
31.10.2005,00:00:00,0.74870,0.75207,0.73088,0.73231,15749926.5469
07.11.2005,00:00:00,0.73220,0.73825,0.72807,0.73300,15662169.3281
14.11.2005,00:00:00,0.73320,0.73542,0.72588,0.73341,15764495.7969
21.11.2005,00:00:00,0.73342,0.74035,0.73130,0.73410,16813888.2656
28.11.2005,00:00:00,0.73400,0.74886,0.73147,0.74610,17943639.0469
05.12.2005,00:00:00,0.74611,0.75410,0.74360,0.74887,20945694.8281
12.12.2005,00:00:00,0.74880,0.75810,0.74114,0.74335,21070761.1563
19.12.2005,00:00:00,0.74360,0.74675,0.72605,0.72808,21037649.7188
26.12.2005,00:00:00,0.72809,0.73428,0.72258,0.73207,21092999.4063
02.01.2006,00:00:00,0.73204,0.75495,0.73074,0.75224,21064095.9375
09.01.2006,00:00:00,0.75227,0.75714,0.74753,0.75638,21107252.4063
16.01.2006,00:00:00,0.75631,0.75737,0.74362,0.74921,21039039.2188
23.01.2006,00:00:00,0.74915,0.75590,0.74757,0.74918,21143680.4063
30.01.2006,00:00:00,0.74907,0.75860,0.74686,0.74803,21075734.1563
06.02.2006,00:00:00,0.74796,0.74920,0.73559,0.73624,21138852.4063
13.02.2006,00:00:00,0.73627,0.74415,0.73401,0.73869,21114319.6563
20.02.2006,00:00:00,0.73848,0.74208,0.73356,0.73692,21149516.9375
27.02.2006,00:00:00,0.73682,0.74845,0.73515,0.74660,21098422.0938
06.03.2006,00:00:00,0.74676,0.74810,0.72945,0.73101,21131106.4688
13.03.2006,00:00:00,0.73106,0.74082,0.72456,0.72657,21075384.0625
20.03.2006,00:00:00,0.72656,0.72735,0.70540,0.70831,21144789.0313
27.03.2006,01:00:00,0.70819,0.71730,0.70083,0.71366,21057541.3125
03.04.2006,01:00:00,0.71354,0.73391,0.71087,0.72586,21197583.8438
10.04.2006,01:00:00,0.72601,0.73415,0.72345,0.72848,21215954.125
17.04.2006,01:00:00,0.72846,0.74802,0.72811,0.74477,21153133.6563
24.04.2006,01:00:00,0.74468,0.76022,0.74123,0.75775,21226579.375
01.05.2006,01:00:00,0.75772,0.77407,0.75444,0.77193,21210000.1563
08.05.2006,01:00:00,0.77189,0.77910,0.76275,0.77274,21312817.0313
15.05.2006,01:00:00,0.77264,0.77300,0.75185,0.75476,21251340
22.05.2006,01:00:00,0.75470,0.76158,0.74581,0.75701,21299907.875
29.05.2006,01:00:00,0.75696,0.76505,0.74340,0.75034,21291134.8125
05.06.2006,01:00:00,0.75032,0.75430,0.73808,0.74729,21274188.3438
12.06.2006,01:00:00,0.74723,0.74977,0.73380,0.73774,21200655.9063
19.06.2006,01:00:00,0.73747,0.74185,0.72945,0.73127,21197267.0313
26.06.2006,01:00:00,0.73127,0.74485,0.72640,0.74293,21173905.8125
03.07.2006,01:00:00,0.74318,0.75274,0.73923,0.75117,21142541.1563
10.07.2006,01:00:00,0.75130,0.75665,0.74532,0.75210,21087877.2813
17.07.2006,01:00:00,0.75203,0.75435,0.73980,0.75175,21127951.625
24.07.2006,01:00:00,0.75159,0.76789,0.74964,0.76540,21104249.9375
31.07.2006,01:00:00,0.76552,0.76805,0.75814,0.76523,21150418.25
07.08.2006,01:00:00,0.76530,0.77140,0.75577,0.76677,21040724.1563
14.08.2006,01:00:00,0.76659,0.77005,0.75590,0.75868,21076903.75
21.08.2006,01:00:00,0.75872,0.76710,0.75441,0.75635,21025521.375
28.08.2006,01:00:00,0.75606,0.76865,0.75581,0.76767,21047457.4063
04.09.2006,01:00:00,0.76774,0.77211,0.75205,0.75270,21066055.5938
11.09.2006,01:00:00,0.75269,0.75695,0.74785,0.75213,21125481.7813
18.09.2006,01:00:00,0.75200,0.75793,0.74841,0.74911,21036690.5313
25.09.2006,01:00:00,0.74893,0.75560,0.74297,0.74519,21083029.7188
02.10.2006,01:00:00,0.74526,0.74935,0.74091,0.74239,21033751.4375
09.10.2006,01:00:00,0.74220,0.75257,0.74094,0.74991,21086392.0938
16.10.2006,01:00:00,0.74997,0.76036,0.74872,0.75806,21098865.2188
23.10.2006,01:00:00,0.75810,0.76952,0.75537,0.76842,21161607.5938
30.10.2006,00:00:00,0.76835,0.77660,0.76677,0.76955,21111670.2813
06.11.2006,00:00:00,0.76955,0.77611,0.76375,0.76584,20710225.1396
13.11.2006,00:00:00,0.76585,0.76965,0.76083,0.76882,1153477.2617
20.11.2006,00:00:00,0.76895,0.78153,0.76692,0.77985,1150581.5539
27.11.2006,00:00:00,0.78025,0.79271,0.77584,0.78902,1154287.5185999998
04.12.2006,00:00:00,0.78894,0.79305,0.78277,0.78437,1152511.4072
11.12.2006,00:00:00,0.78435,0.78950,0.77810,0.78060,1154397.9629000002
18.12.2006,00:00:00,0.78060,0.78793,0.77752,0.78335,1153297.9943
25.12.2006,00:00:00,0.78336,0.80535,0.78024,0.78953,1154132.6173
01.01.2007,00:00:00,0.78941,0.79790,0.77761,0.77875,1152878.3984
08.01.2007,00:00:00,0.77875,0.78475,0.77544,0.78405,1155420.7334000003
15.01.2007,00:00:00,0.78412,0.79062,0.78050,0.78855,4896623.8917000005
22.01.2007,00:00:00,0.78885,0.79383,0.77145,0.77389,1155976.0313
29.01.2007,00:00:00,0.77383,0.77721,0.76927,0.77387,1152530.1650999999
05.02.2007,00:00:00,0.77390,0.78230,0.77196,0.77697,1155443.2393
12.02.2007,00:00:00,0.77696,0.78771,0.77020,0.78699,1153281.0947
19.02.2007,00:00:00,0.78694,0.79264,0.78408,0.79177,1154639.6417
26.02.2007,00:00:00,0.79168,0.79475,0.77944,0.77963,1153204.6475
05.03.2007,00:00:00,0.77963,0.78190,0.76754,0.78137,1156451.7815
12.03.2007,00:00:00,0.78126,0.79727,0.77928,0.79496,1154233.8310999998
19.03.2007,00:00:00,0.79496,0.80890,0.79349,0.80473,1149149.1241000001
26.03.2007,01:00:00,0.80495,0.81178,0.80255,0.80950,1215180.8086
02.04.2007,01:00:00,0.80960,0.82097,0.80627,0.81567,33093.5399
09.04.2007,01:00:00,0.81557,0.83377,0.81557,0.83297,27940.8902
16.04.2007,01:00:00,0.83287,0.83917,0.82817,0.83467,30046.479600000002
23.04.2007,01:00:00,0.83457,0.83577,0.82337,0.82797,34244.820100000004
30.04.2007,01:00:00,0.82787,0.83297,0.81697,0.82457,29820.0497
07.05.2007,01:00:00,0.82467,0.83387,0.82297,0.83307,30051.490400000002
14.05.2007,01:00:00,0.83297,0.83477,0.82027,0.82307,27513.700100000002
21.05.2007,01:00:00,0.82317,0.82667,0.81747,0.81907,26912.139900000002
28.05.2007,01:00:00,0.81917,0.83287,0.81627,0.83217,26501.650100000003
04.06.2007,01:00:00,0.83227,0.84757,0.83157,0.84017,38775.081900000005
11.06.2007,01:00:00,0.84007,0.84457,0.83317,0.84227,30235.219699999998
18.06.2007,01:00:00,0.84217,0.84947,0.83977,0.84877,25670.1101
25.06.2007,01:00:00,0.84887,0.85247,0.83547,0.85137,50656.6102
02.07.2007,01:00:00,0.85127,0.86087,0.85127,0.85817,26827.0801
09.07.2007,01:00:00,0.85807,0.87247,0.85647,0.87237,32464.5202
16.07.2007,01:00:00,0.87227,0.88337,0.87077,0.88117,30428.78
23.07.2007,01:00:00,0.88097,0.88707,0.85037,0.85107,46463.4827
30.07.2007,01:00:00,0.85117,0.86147,0.84457,0.85427,51510.16069999999
06.08.2007,01:00:00,0.85417,0.86627,0.83997,0.84837,44065.0501
13.08.2007,01:00:00,0.84847,0.84887,0.76737,0.79357,83671.8898
20.08.2007,01:00:00,0.79367,0.83077,0.79337,0.83027,62665.5706
27.08.2007,01:00:00,0.83017,0.83337,0.80507,0.82137,53919.3288
03.09.2007,01:00:00,0.82127,0.83097,0.81817,0.82157,44733.420900000005
10.09.2007,01:00:00,0.82147,0.84387,0.81957,0.84337,81333.1179
17.09.2007,01:00:00,0.84327,0.87027,0.82747,0.86707,102877.248
24.09.2007,01:00:00,0.86703,0.89127,0.86107,0.89057,95857.9006
01.10.2007,01:00:00,0.89062,0.90199,0.87947,0.90100,118158.3309
08.10.2007,01:00:00,0.90101,0.90597,0.89127,0.90387,107321.01770000001
15.10.2007,01:00:00,0.90397,0.90777,0.88157,0.88777,132190.8308
22.10.2007,01:00:00,0.88817,0.92327,0.87507,0.92317,135937.3099
29.10.2007,00:00:00,0.92314,0.93443,0.91067,0.92027,140810.7412
05.11.2007,00:00:00,0.92044,0.94000,0.89057,0.89217,158314.0995
12.11.2007,00:00:00,0.89227,0.90687,0.87527,0.89282,172892.07080000002
19.11.2007,00:00:00,0.89287,0.89528,0.86522,0.88370,146024.3185
26.11.2007,00:00:00,0.88377,0.89195,0.86662,0.87967,157112.1712
03.12.2007,00:00:00,0.87977,0.88437,0.86597,0.87627,105105.6619
10.12.2007,00:00:00,0.87618,0.89017,0.86053,0.86167,122905.55739999999
17.12.2007,00:00:00,0.86177,0.86970,0.85527,0.86897,121740.661
24.12.2007,00:00:00,0.86907,0.88176,0.86799,0.88147,34283.87
31.12.2007,00:00:00,0.88157,0.88539,0.86962,0.87277,85576.2938
07.01.2008,00:00:00,0.87280,0.89752,0.86827,0.89517,171356.11609999998
14.01.2008,00:00:00,0.89507,0.90187,0.86997,0.87617,204394.42169999998
21.01.2008,00:00:00,0.87621,0.88527,0.85117,0.87735,219835.57080000002
28.01.2008,00:00:00,0.87734,0.90517,0.87717,0.90447,165615.5766
04.02.2008,00:00:00,0.90457,0.90998,0.88737,0.90152,171936.659
11.02.2008,00:00:00,0.90162,0.91337,0.89227,0.91317,147050.86229999998
18.02.2008,00:00:00,0.91312,0.92502,0.91018,0.92357,151721.0185
25.02.2008,00:00:00,0.92359,0.94967,0.92227,0.93347,188075.25880000004
03.03.2008,00:00:00,0.93348,0.94210,0.92172,0.93012,200005.8187
10.03.2008,00:00:00,0.93037,0.94712,0.91477,0.92412,197803.15649999998
17.03.2008,00:00:00,0.92422,0.93537,0.89521,0.89817,173283.71740000002
24.03.2008,00:00:00,0.89816,0.92527,0.89807,0.91697,164615.5209
31.03.2008,01:00:00,0.91707,0.92280,0.90307,0.91937,178924.5825
07.04.2008,01:00:00,0.91947,0.93459,0.91928,0.92327,161613.0712
14.04.2008,01:00:00,0.92322,0.94004,0.92050,0.93810,189963.4681
21.04.2008,01:00:00,0.93813,0.95407,0.92907,0.93538,207492.38900000002
28.04.2008,01:00:00,0.93547,0.94715,0.92747,0.93791,225017.3257
05.05.2008,01:00:00,0.93792,0.95056,0.93487,0.93737,176848.78319999998
12.05.2008,01:00:00,0.93730,0.95592,0.92907,0.95335,208583.9609
19.05.2008,01:00:00,0.95332,0.96532,0.95099,0.96074,182392.23750000002
26.05.2008,01:00:00,0.96070,0.96367,0.95117,0.95197,183309.54150000002
02.06.2008,01:00:00,0.95198,0.96406,0.94861,0.96132,335268.88680000004
09.06.2008,01:00:00,0.96073,0.96467,0.93272,0.93897,214367.90749999997
16.06.2008,01:00:00,0.93892,0.95667,0.93694,0.95507,169378.9008
23.06.2008,01:00:00,0.95510,0.96327,0.94927,0.96228,173575.94109999997
30.06.2008,01:00:00,0.96227,0.96668,0.95118,0.96099,158208.7222
07.07.2008,01:00:00,0.96102,0.97161,0.94757,0.96836,186780.80849999998
14.07.2008,01:00:00,0.96837,0.98497,0.96650,0.97486,192608.29439999998
21.07.2008,01:00:00,0.97490,0.97921,0.95285,0.95457,206962.32989999998
28.07.2008,01:00:00,0.95460,0.95938,0.92862,0.93287,216941.2571
04.08.2008,01:00:00,0.93286,0.93458,0.88552,0.88747,242534.8748
11.08.2008,01:00:00,0.88740,0.89518,0.85906,0.87378,296594.3104
18.08.2008,01:00:00,0.87380,0.88122,0.86199,0.86207,241274.612
25.08.2008,01:00:00,0.86208,0.86930,0.84930,0.85331,256610.8572
01.09.2008,01:00:00,0.85330,0.85538,0.80277,0.83069,304562.0866
08.09.2008,01:00:00,0.83065,0.83527,0.78993,0.82194,337607.0323
15.09.2008,01:00:00,0.82199,0.83728,0.77997,0.83092,355493.4517
22.09.2008,01:00:00,0.83095,0.85190,0.82389,0.83260,427455.7625
29.09.2008,01:00:00,0.83260,0.83270,0.76027,0.76301,410893.9474
06.10.2008,01:00:00,0.76300,0.76435,0.63291,0.67911,504785.61259999993
13.10.2008,01:00:00,0.67905,0.72380,0.65093,0.69444,431246.94220000005
20.10.2008,01:00:00,0.69445,0.70590,0.60521,0.61842,369149.4801
27.10.2008,00:00:00,0.61840,0.68910,0.60055,0.67095,799413.8124999999
03.11.2008,00:00:00,0.67095,0.70130,0.65478,0.68797,956832.5727
10.11.2008,00:00:00,0.68805,0.69827,0.63390,0.63775,605445.3223
17.11.2008,00:00:00,0.63760,0.65940,0.60735,0.63426,894239.2987
24.11.2008,00:00:00,0.63425,0.66135,0.62285,0.65135,779176.1543
01.12.2008,00:00:00,0.65135,0.65355,0.62937,0.64666,860899.8761
08.12.2008,00:00:00,0.64675,0.67990,0.64665,0.66496,863540.0400000002
15.12.2008,00:00:00,0.66525,0.71365,0.66285,0.68149,676893.7011999999
22.12.2008,00:00:00,0.68155,0.68925,0.67557,0.68495,355391.52249999996
29.12.2008,00:00:00,0.68525,0.71600,0.68380,0.71535,374335.62120000005
05.01.2009,00:00:00,0.71535,0.72680,0.69565,0.69863,269438.71
12.01.2009,00:00:00,0.69865,0.69935,0.65355,0.67915,374963.11909999995
19.01.2009,00:00:00,0.67915,0.68405,0.64180,0.65155,335838.1608
26.01.2009,00:00:00,0.65165,0.67300,0.63406,0.63524,340952.19470000005
02.02.2009,00:00:00,0.63530,0.68014,0.62475,0.67306,335532.9187
09.02.2009,00:00:00,0.67305,0.68490,0.64305,0.65262,383376.86679999996
16.02.2009,00:00:00,0.65275,0.65380,0.63320,0.64409,348618.4423
23.02.2009,00:00:00,0.64405,0.65540,0.63313,0.63412,375440.35469999997
02.03.2009,00:00:00,0.63430,0.65260,0.62850,0.64287,384196.9039
09.03.2009,00:00:00,0.64300,0.66035,0.63050,0.65635,408247.9217
16.03.2009,00:00:00,0.65640,0.69430,0.65450,0.69112,396711.83190000005
23.03.2009,00:00:00,0.69110,0.70940,0.68656,0.69010,407703.2968
30.03.2009,01:00:00,0.69010,0.72285,0.67690,0.71750,426218.94869999995
06.04.2009,01:00:00,0.71750,0.72299,0.70326,0.72282,258326.97799999997
13.04.2009,01:00:00,0.72279,0.73269,0.71369,0.71818,270793.7442
20.04.2009,01:00:00,0.71821,0.72382,0.69523,0.71143,350837.74669999996
27.04.2009,01:00:00,0.71140,0.73888,0.69892,0.73484,362084.1907
04.05.2009,01:00:00,0.73481,0.77078,0.73126,0.76767,373096.3301
11.05.2009,01:00:00,0.76766,0.77036,0.74593,0.74691,450909.8603
18.05.2009,01:00:00,0.74687,0.78673,0.74678,0.77806,406263.0125
25.05.2009,01:00:00,0.77810,0.80646,0.77026,0.80531,364946.5845
01.06.2009,01:00:00,0.80537,0.82632,0.78758,0.79739,383372.5579
08.06.2009,01:00:00,0.79736,0.82376,0.78269,0.80775,335633.51
15.06.2009,01:00:00,0.80773,0.81179,0.78494,0.80061,317540.48559999996
22.06.2009,01:00:00,0.80056,0.80870,0.77886,0.80695,410877.0072
29.06.2009,01:00:00,0.80695,0.81550,0.78994,0.79371,360779.30020000006
06.07.2009,01:00:00,0.79366,0.80376,0.77226,0.77714,296818.748
13.07.2009,01:00:00,0.77715,0.80836,0.77006,0.80621,297145.71530000004
20.07.2009,01:00:00,0.80616,0.82226,0.80581,0.82076,249577.7042
27.07.2009,01:00:00,0.82071,0.83808,0.81251,0.83711,272500.9259
03.08.2009,01:00:00,0.83716,0.84701,0.83446,0.83928,281593.2499
10.08.2009,01:00:00,0.83931,0.84775,0.81796,0.82281,261706.22859999997
17.08.2009,01:00:00,0.82286,0.84051,0.81556,0.83951,331371.79889999994
24.08.2009,01:00:00,0.83949,0.84703,0.82386,0.83959,267745.6777
31.08.2009,01:00:00,0.83961,0.85351,0.82391,0.85171,275303.0462
07.09.2009,01:00:00,0.85176,0.86756,0.85096,0.85716,256931.3093
14.09.2009,01:00:00,0.85711,0.87752,0.85436,0.86656,246160.3289
21.09.2009,01:00:00,0.86661,0.87891,0.85895,0.86565,325127.58200000005
28.09.2009,01:00:00,0.86559,0.88585,0.85681,0.86775,298645.2243
05.10.2009,01:00:00,0.86780,0.90901,0.86770,0.90486,267699.40989999997
12.10.2009,01:00:00,0.90488,0.92698,0.89831,0.91547,268299.219
19.10.2009,01:00:00,0.91552,0.93281,0.91125,0.92110,276749.24059999996
26.10.2009,00:00:00,0.92116,0.92762,0.89049,0.89657,336235.32570000004
02.11.2009,00:00:00,0.89654,0.92264,0.89155,0.92026,356919.68299999996
09.11.2009,00:00:00,0.92036,0.93696,0.91954,0.93503,277750.8987
16.11.2009,00:00:00,0.93494,0.94057,0.90599,0.91519,296022.7599
23.11.2009,00:00:00,0.91523,0.93216,0.89452,0.91210,277842.9201
30.11.2009,00:00:00,0.91209,0.93216,0.91046,0.91424,296472.3103
07.12.2009,00:00:00,0.91426,0.91924,0.90146,0.91042,305987.0086
14.12.2009,00:00:00,0.91048,0.91744,0.88089,0.88887,263157.4067
21.12.2009,00:00:00,0.88895,0.89036,0.87336,0.88414,135579.1803
28.12.2009,00:00:00,0.88415,0.90100,0.88259,0.89713,179199.6695
04.01.2010,00:00:00,0.89716,0.93079,0.89379,0.93032,249220.7582
11.01.2010,00:00:00,0.93037,0.93296,0.91701,0.92200,239483.6514
18.01.2010,00:00:00,0.92206,0.92789,0.89819,0.90401,258276.1974
25.01.2010,00:00:00,0.90406,0.90926,0.87979,0.88602,356309.75049999997
01.02.2010,00:00:00,0.88596,0.89263,0.85776,0.86559,371417.13869999995
08.02.2010,00:00:00,0.86571,0.89204,0.86121,0.88789,368531.7925
15.02.2010,00:00:00,0.88796,0.90356,0.88484,0.90068,287438.3113
22.02.2010,00:00:00,0.90071,0.90705,0.88003,0.89864,310300.46310000005
01.03.2010,00:00:00,0.89877,0.91044,0.89347,0.90944,319430.3922
08.03.2010,00:00:00,0.90946,0.91938,0.90548,0.91764,266435.783
15.03.2010,00:00:00,0.91766,0.92516,0.90946,0.91375,257106.80010000002
22.03.2010,00:00:00,0.91380,0.91977,0.90007,0.90486,293252.1261
29.03.2010,01:00:00,0.90481,0.92163,0.90466,0.92050,221797.86290000004
05.04.2010,01:00:00,0.92046,0.93821,0.91647,0.93617,228373.2254
12.04.2010,01:00:00,0.93616,0.93668,0.92027,0.92218,258941.9721
19.04.2010,01:00:00,0.92220,0.93381,0.91570,0.92628,287477.0104
26.04.2010,01:00:00,0.92630,0.93239,0.91351,0.92557,352224.40820000006
03.05.2010,01:00:00,0.92555,0.92746,0.87058,0.89526,536017.6304
10.05.2010,01:00:00,0.89521,0.90779,0.88405,0.88471,499374.0797
17.05.2010,01:00:00,0.88465,0.88536,0.80708,0.82706,709739.3861
24.05.2010,01:00:00,0.82711,0.85511,0.80653,0.84531,577556.0974999999
31.05.2010,01:00:00,0.84528,0.85226,0.81586,0.81708,466350.6346
07.06.2010,01:00:00,0.81711,0.85591,0.80816,0.85591,519289.7339
14.06.2010,01:00:00,0.85593,0.88126,0.85052,0.87936,439038.22880000004
21.06.2010,01:00:00,0.87937,0.88588,0.85951,0.87412,448713.35850000003
28.06.2010,01:00:00,0.87407,0.87768,0.83154,0.83952,456231.73929999996
05.07.2010,01:00:00,0.83949,0.87907,0.83165,0.87652,340180.7759
12.07.2010,01:00:00,0.87651,0.88707,0.86325,0.86349,420577.2615000001
19.07.2010,01:00:00,0.86351,0.89714,0.86329,0.89550,456477.83719999995
26.07.2010,01:00:00,0.89551,0.90752,0.89047,0.90751,496154.2711
02.08.2010,01:00:00,0.90752,0.92218,0.90700,0.91746,374782.4746
09.08.2010,01:00:00,0.91742,0.92054,0.89138,0.89213,420867.6805
16.08.2010,01:00:00,0.89216,0.90792,0.88406,0.88843,410976.9483
23.08.2010,01:00:00,0.88840,0.90304,0.87708,0.90163,411482.57819999993
30.08.2010,01:00:00,0.90160,0.91755,0.88602,0.91551,360944.8622
06.09.2010,01:00:00,0.91552,0.93102,0.90918,0.93092,330609.4876
13.09.2010,01:00:00,0.93090,0.94681,0.92937,0.93652,356174.0271
20.09.2010,01:00:00,0.93653,0.96227,0.93612,0.95982,378229.57090000005
27.09.2010,01:00:00,0.95981,0.97497,0.95587,0.97139,427797.4449
04.10.2010,01:00:00,0.97143,0.99173,0.95412,0.98954,578411.949
11.10.2010,01:00:00,0.98952,1.00030,0.97664,0.98777,585976.8907
18.10.2010,01:00:00,0.98778,0.99590,0.96615,0.98445,690451.3192
25.10.2010,01:00:00,0.98447,0.99737,0.96512,0.98641,609370.2266
01.11.2010,00:00:00,0.98652,1.01778,0.98609,1.01540,531618.6992
08.11.2010,00:00:00,1.01626,1.01728,0.98271,0.98877,503561.4111
15.11.2010,00:00:00,0.98875,0.99189,0.97239,0.99005,275792.5811
22.11.2010,00:00:00,0.99005,0.99534,0.96126,0.96581,264922.05659999995
29.11.2010,00:00:00,0.96589,0.99359,0.95379,0.99178,641090.9825
06.12.2010,00:00:00,0.99160,0.99646,0.97519,0.98390,544937.957
13.12.2010,00:00:00,0.98390,1.00248,0.98309,0.98787,546587.2286
20.12.2010,00:00:00,0.98789,1.00630,0.98624,1.00001,394507.60069999995
27.12.2010,00:00:00,1.00001,1.02520,0.99872,1.02120,352193.1660000001
03.01.2011,00:00:00,1.02120,1.02195,0.99074,0.99512,522478.3379
10.01.2011,00:00:00,0.99520,1.00184,0.98034,0.99069,558261.6496
17.01.2011,00:00:00,0.99073,1.00764,0.98317,0.98937,592751.4464
24.01.2011,00:00:00,0.98939,1.00213,0.98633,0.98685,605358.5684999999
31.01.2011,00:00:00,0.98685,1.01987,0.98657,1.01239,779677.8087
07.02.2011,00:00:00,1.01239,1.01886,0.99603,1.00149,702225.0382
14.02.2011,00:00:00,1.00149,1.01570,0.99433,1.01430,691014.2646999999
21.02.2011,00:00:00,1.01430,1.01846,0.99662,1.01405,789839.8009
28.02.2011,00:00:00,1.01405,1.02013,1.00763,1.01439,814380.5860000001
07.03.2011,00:00:00,1.01439,1.01839,0.99682,1.00957,767863.2422000001
14.03.2011,00:00:00,1.00957,1.01115,0.97053,0.99741,1111851.6211
21.03.2011,00:00:00,0.99741,1.02934,0.99520,1.02541,789644.044
28.03.2011,01:00:00,1.02527,1.04142,1.02043,1.03894,674983.3702
04.04.2011,01:00:00,1.03894,1.05805,1.02879,1.05736,660650.7043
11.04.2011,01:00:00,1.05750,1.05795,1.03893,1.05481,725070.6044999999
18.04.2011,01:00:00,1.05481,1.07745,1.04431,1.07710,633630.3866999999
25.04.2011,01:00:00,1.07710,1.09923,1.06766,1.09630,697080.9278000001
02.05.2011,01:00:00,1.09630,1.10103,1.05368,1.07450,942208.5217
09.05.2011,01:00:00,1.07450,1.08881,1.05199,1.05509,966261.9356000001
16.05.2011,01:00:00,1.05509,1.07100,1.05059,1.06356,853357.4101000001
23.05.2011,01:00:00,1.06358,1.07328,1.04409,1.06964,834966.2881
30.05.2011,01:00:00,1.06963,1.07729,1.05872,1.07557,706880.2871
06.06.2011,01:00:00,1.07556,1.07671,1.05173,1.05362,716620.8623
13.06.2011,01:00:00,1.05362,1.07147,1.04774,1.05873,767151.6387000001
20.06.2011,01:00:00,1.05873,1.06497,1.04547,1.04677,803024.7501000001
27.06.2011,01:00:00,1.04677,1.07893,1.03900,1.07762,833215.2247
04.07.2011,01:00:00,1.07763,1.07874,1.06548,1.07217,702417.957
11.07.2011,01:00:00,1.07212,1.07855,1.05254,1.06437,874335.0685
18.07.2011,01:00:00,1.06437,1.08741,1.05607,1.08217,708289.4688
25.07.2011,01:00:00,1.08232,1.10797,1.07951,1.10130,697159.2958
01.08.2011,01:00:00,1.10140,1.10648,1.03747,1.03901,1004625.3125
08.08.2011,01:00:00,1.03901,1.04371,0.99276,1.04068,1224839.6115
15.08.2011,01:00:00,1.04083,1.06009,1.03149,1.03855,808820.3906
22.08.2011,01:00:00,1.03855,1.05921,1.03745,1.05727,737078.9103000001
29.08.2011,01:00:00,1.05728,1.07642,1.05728,1.06012,634001.3437999999
05.09.2011,01:00:00,1.06011,1.06608,1.03957,1.04025,773811.3965
12.09.2011,01:00:00,1.04027,1.04140,1.01774,1.02902,949627.9532
19.09.2011,01:00:00,1.02909,1.03118,0.96720,0.98239,1062748.289
26.09.2011,01:00:00,0.98239,0.99850,0.96216,0.96768,1121029.3731000002
03.10.2011,01:00:00,0.96722,0.98789,0.93910,0.97854,1148234.4355
10.10.2011,01:00:00,0.97857,1.03468,0.97802,1.03147,987253.4942000001
17.10.2011,01:00:00,1.03149,1.03768,1.01176,1.03286,1139613.172
24.10.2011,01:00:00,1.03287,1.07521,1.03218,1.06682,1073456.6935
31.10.2011,00:00:00,1.06683,1.06967,1.02026,1.03976,1190213.045
07.11.2011,00:00:00,1.03974,1.04097,1.00535,1.03303,1094277.7558999998
14.11.2011,00:00:00,1.03307,1.03352,0.99642,0.99950,1138792.8126
21.11.2011,00:00:00,0.99952,0.99959,0.96632,0.98289,1072693.8556
28.11.2011,00:00:00,0.98289,1.03144,0.98030,1.02367,1057714.2735
05.12.2011,00:00:00,1.02367,1.03778,1.00479,1.02050,1050551.8125
12.12.2011,00:00:00,1.02050,1.02070,0.98611,0.99614,1130048.1719999998
19.12.2011,00:00:00,0.99614,1.02187,0.98826,1.01393,987970.0253000001
26.12.2011,00:00:00,1.01432,1.02651,1.00438,1.02213,565949.3419
02.01.2012,00:00:00,1.02218,1.03860,1.01808,1.01993,394370.4902
09.01.2012,00:00:00,1.02220,1.03774,1.01453,1.02790,580765.1611000001
16.01.2012,00:00:00,1.02791,1.04937,1.02537,1.04664,728505.5698
23.01.2012,00:00:00,1.04666,1.06880,1.04280,1.06344,779729.4039
30.01.2012,00:00:00,1.06342,1.07934,1.05259,1.07506,680893.6758000001
06.02.2012,00:00:00,1.07660,1.08450,1.06398,1.07087,446376.09959999996
13.02.2012,00:00:00,1.06720,1.08154,1.06290,1.07986,182715.85350000003
20.02.2012,00:00:00,1.07020,1.08160,1.05980,1.06929,174068.0283
27.02.2012,00:00:00,1.06910,1.08561,1.06510,1.07195,160951.0107
05.03.2012,00:00:00,1.07300,1.07580,1.05089,1.05603,346114.4244
12.03.2012,00:00:00,1.05730,1.06131,1.04236,1.06003,325436.16900000005
19.03.2012,00:00:00,1.06003,1.06367,1.03369,1.04860,673690.6323
26.03.2012,01:00:00,1.04860,1.05575,1.03043,1.04249,700160.7646
02.04.2012,01:00:00,1.03520,1.04650,1.02433,1.02899,406129.4175
09.04.2012,01:00:00,1.02898,1.04518,1.02257,1.03388,623512.2237
16.04.2012,01:00:00,1.03760,1.04181,1.03043,1.03817,512724.8726
23.04.2012,01:00:00,1.03816,1.04750,1.02467,1.04538,645127.025
30.04.2012,01:00:00,1.04538,1.04609,1.01135,1.01200,704718.0684000001
07.05.2012,01:00:00,1.01206,1.02194,1.00067,1.00201,735881.4961
14.05.2012,01:00:00,1.00201,1.00344,0.97946,0.98363,1046567.2559000001
21.05.2012,01:00:00,0.98330,0.99370,0.96894,0.98131,658353.0703
28.05.2012,01:00:00,0.98129,0.98990,0.95810,0.96420,864755.5978
04.06.2012,01:00:00,0.96420,1.00069,0.96272,0.99834,910410.672
11.06.2012,01:00:00,0.99834,1.01310,0.98497,1.01127,863453.5634999999
18.06.2012,01:00:00,1.01127,1.02244,1.00086,1.00378,661127.7627
25.06.2012,01:00:00,1.00382,1.02681,0.99684,1.02368,623885.9093
02.07.2012,01:00:00,1.02368,1.03290,1.01780,1.01951,702431.6728000001
09.07.2012,01:00:00,1.01810,1.02807,1.01008,1.02336,395764.543
16.07.2012,01:00:00,1.02336,1.04480,1.02019,1.03373,356373.7969
23.07.2012,01:00:00,1.03374,1.04910,1.01683,1.04621,946176.1191
30.07.2012,01:00:00,1.04720,1.05792,1.04354,1.05585,219419.7881
06.08.2012,01:00:00,1.05583,1.06126,1.04970,1.05516,766831.5683
13.08.2012,01:00:00,1.05516,1.05732,1.04100,1.04346,642460.3282
20.08.2012,01:00:00,1.04345,1.05470,1.03750,1.04019,385951.29199999996
27.08.2012,01:00:00,1.04018,1.04157,1.02690,1.02704,581300.5104
03.09.2012,01:00:00,1.02704,1.04000,1.01608,1.03607,668470.2358999999
10.09.2012,01:00:00,1.03608,1.06245,1.03225,1.05347,548138.0127
17.09.2012,01:00:00,1.05345,1.05469,1.03671,1.04337,632869.653
24.09.2012,01:00:00,1.04337,1.04737,1.03281,1.03513,628865.8085999999
01.10.2012,01:00:00,1.03512,1.04025,1.01499,1.01701,411612.564
08.10.2012,01:00:00,1.01706,1.02933,1.01485,1.02215,652497.2261
15.10.2012,01:00:00,1.02215,1.04109,1.02016,1.03040,581665.2265999999
22.10.2012,01:00:00,1.03041,1.03965,1.02358,1.03502,542288.9845
29.10.2012,00:00:00,1.03504,1.04187,1.03249,1.03407,408782.0213
05.11.2012,00:00:00,1.03406,1.04799,1.03336,1.03932,528044.2472
12.11.2012,00:00:00,1.03932,1.04581,1.02871,1.03590,451384.59040000004
19.11.2012,00:00:00,1.03590,1.04701,1.03377,1.04567,363204.1475
26.11.2012,00:00:00,1.04567,1.04893,1.04018,1.04250,391128.007
03.12.2012,00:00:00,1.04250,1.05151,1.03928,1.04816,403005.94690000004
10.12.2012,00:00:00,1.04815,1.05851,1.04610,1.05528,338764.5709
17.12.2012,00:00:00,1.05529,1.05567,1.03900,1.03940,354214.5327
24.12.2012,00:00:00,1.03940,1.04156,1.03181,1.03900,259878.73870000002
31.12.2012,00:00:00,1.03897,1.05270,1.03641,1.04950,338337.08640000003
07.01.2013,00:00:00,1.04947,1.05982,1.04670,1.05359,403118.44169999997
14.01.2013,00:00:00,1.05357,1.05795,1.04852,1.05028,440858.4398
21.01.2013,00:00:00,1.05027,1.05780,1.04027,1.04097,429421.68069999997
28.01.2013,00:00:00,1.04096,1.04754,1.03606,1.04236,445722.2623
04.02.2013,00:00:00,1.04231,1.04570,1.02557,1.03202,461068.4962
11.02.2013,00:00:00,1.03188,1.03740,1.02266,1.02967,411650.65699999995
18.02.2013,00:00:00,1.02963,1.03671,1.02208,1.02961,434107.4488
25.02.2013,00:00:00,1.02961,1.03277,1.01825,1.01952,673102.2789
04.03.2013,00:00:00,1.01950,1.03004,1.01147,1.02127,528013.682
11.03.2013,00:00:00,1.02127,1.04131,1.02106,1.03516,545903.4863
18.03.2013,00:00:00,1.03516,1.04605,1.03435,1.04476,525803.8126000001
25.03.2013,00:00:00,1.04476,1.04964,1.03963,1.04113,447629.153
01.04.2013,01:00:00,1.04113,1.04968,1.03479,1.03511,480549.33809999994
08.04.2013,01:00:00,1.03511,1.05815,1.03507,1.05090,552583.8667000001
15.04.2013,01:00:00,1.05089,1.05233,1.02687,1.02728,858610.0050000001
22.04.2013,01:00:00,1.02727,1.03384,1.02208,1.02830,707121.0294
29.04.2013,01:00:00,1.02827,1.03816,1.02218,1.02969,529450.2696
06.05.2013,01:00:00,1.02967,1.03063,0.99608,0.99834,620841.9570999999
13.05.2013,01:00:00,0.99835,1.00105,0.97107,0.97639,772671.5128000001
20.05.2013,01:00:00,0.97637,0.98418,0.95932,0.96334,842073.5742999999
27.05.2013,01:00:00,0.96335,0.96966,0.95277,0.96190,813232.2969
03.06.2013,01:00:00,0.96190,0.97915,0.93925,0.94204,959978.7111
10.06.2013,01:00:00,0.94204,0.96649,0.93255,0.95646,950027.7198000001
17.06.2013,01:00:00,0.95646,0.96408,0.91628,0.92426,855175.3438
24.06.2013,01:00:00,0.92426,0.93438,0.91121,0.91412,871264.1602
01.07.2013,01:00:00,0.91409,0.92525,0.90355,0.90420,791994.1660999999
08.07.2013,01:00:00,0.90420,0.93051,0.89982,0.90862,798584.2089
15.07.2013,01:00:00,0.90862,0.92917,0.90353,0.92200,756640.5285
22.07.2013,01:00:00,0.92200,0.93175,0.91282,0.92533,765596.1547000001
29.07.2013,01:00:00,0.92533,0.92866,0.88700,0.89039,735684.8189000001
05.08.2013,01:00:00,0.89037,0.92141,0.88476,0.91760,658206.6701
12.08.2013,01:00:00,0.91760,0.92207,0.90580,0.91965,682144.8409
19.08.2013,01:00:00,0.91964,0.92328,0.89318,0.90268,720770.1625
26.08.2013,01:00:00,0.90269,0.90697,0.88920,0.89366,622671.0023
02.09.2013,01:00:00,0.89363,0.92164,0.89361,0.91903,585966.0601
09.09.2013,01:00:00,0.91903,0.93908,0.91669,0.93227,539056.8634
16.09.2013,01:00:00,0.93226,0.95281,0.92847,0.93996,542955.671
23.09.2013,01:00:00,0.93995,0.94569,0.92864,0.92977,448468.94690000004
30.09.2013,01:00:00,0.92978,0.94584,0.92804,0.94408,512981.6304000001
07.10.2013,01:00:00,0.94404,0.94843,0.93879,0.94462,470593.9133000001
14.10.2013,01:00:00,0.94461,0.96770,0.94341,0.96603,490794.6699
21.10.2013,01:00:00,0.96603,0.97568,0.95717,0.95975,473215.1465
28.10.2013,00:00:00,0.95974,0.96222,0.94213,0.94676,524801.8379
04.11.2013,00:00:00,0.94672,0.95427,0.93524,0.93699,508275.20859999995
11.11.2013,00:00:00,0.93699,0.93899,0.92700,0.93684,531821.3602000001
18.11.2013,00:00:00,0.93686,0.94470,0.91432,0.91648,613959.0176
25.11.2013,00:00:00,0.91649,0.92038,0.90550,0.91204,543707.4659
02.12.2013,00:00:00,0.91204,0.91679,0.89893,0.91035,611673.9537000001
09.12.2013,00:00:00,0.91034,0.91669,0.89090,0.89502,509041.09060000005
16.12.2013,00:00:00,0.89502,0.89696,0.88203,0.89213,455579.5186
23.12.2013,00:00:00,0.89213,0.89580,0.88455,0.88529,264841.6827
30.12.2013,00:00:00,0.88529,0.90044,0.88331,0.89645,379176.02910000004
06.01.2014,00:00:00,0.89640,0.90153,0.88645,0.90107,462628.0363
13.01.2014,00:00:00,0.90105,0.90857,0.87632,0.87732,445494.82240000006
20.01.2014,00:00:00,0.87732,0.88877,0.86600,0.86944,425413.1334
27.01.2014,00:00:00,0.86944,0.88254,0.86775,0.87541,463001.2637
03.02.2014,00:00:00,0.87539,0.89980,0.87302,0.89440,476114.7407999999
10.02.2014,00:00:00,0.89440,0.90671,0.89066,0.90578,389622.0245
17.02.2014,00:00:00,0.90577,0.90803,0.89366,0.89768,385630.706
24.02.2014,00:00:00,0.89769,0.90488,0.88932,0.89022,385563.7608
03.03.2014,00:00:00,0.89021,0.91330,0.88903,0.90553,371452.974
10.03.2014,00:00:00,0.90553,0.91033,0.89242,0.90290,395866.89989999996
17.03.2014,00:00:00,0.90290,0.91381,0.89950,0.90926,363105.13379999995
24.03.2014,00:00:00,0.90926,0.92951,0.90481,0.92581,357869.1958
31.03.2014,01:00:00,0.92581,0.93075,0.92057,0.92885,321876.9779
07.04.2014,01:00:00,0.92881,0.94611,0.92537,0.93838,421435.4814
14.04.2014,01:00:00,0.93838,0.94249,0.93210,0.93321,344324.78790000005
21.04.2014,01:00:00,0.93326,0.93781,0.92522,0.92719,342730.24130000005
28.04.2014,01:00:00,0.92719,0.93166,0.92017,0.92738,398087.6508
05.05.2014,01:00:00,0.92738,0.93941,0.92523,0.93571,394110.39730000007
12.05.2014,01:00:00,0.93569,0.94088,0.93268,0.93645,355317.02410000004
19.05.2014,01:00:00,0.93644,0.93661,0.92088,0.92381,372343.7843
26.05.2014,01:00:00,0.92381,0.93290,0.92110,0.92967,332044.0961
02.06.2014,01:00:00,0.92964,0.93583,0.92285,0.93352,410108.3101
09.06.2014,01:00:00,0.93352,0.94373,0.93342,0.93900,387617.54490000004
16.06.2014,01:00:00,0.93900,0.94313,0.93217,0.93839,366225.5327
23.06.2014,01:00:00,0.93840,0.94449,0.93542,0.94136,303633.07899999997
30.06.2014,01:00:00,0.94137,0.95045,0.93287,0.93587,355876.8809
07.07.2014,01:00:00,0.93585,0.94560,0.93413,0.93820,343287.06960000005
14.07.2014,01:00:00,0.93820,0.94103,0.93292,0.93941,350343.44779999997
21.07.2014,01:00:00,0.93942,0.94716,0.93607,0.93992,309026.4414
28.07.2014,01:00:00,0.93996,0.94160,0.92752,0.93104,397395.67600000004
04.08.2014,01:00:00,0.93105,0.93736,0.92390,0.92775,383975.4902
11.08.2014,01:00:00,0.92774,0.93341,0.92473,0.93134,305438.2823
18.08.2014,01:00:00,0.93138,0.93446,0.92375,0.92968,350513.0508
25.08.2014,01:00:00,0.92969,0.93739,0.92716,0.93290,427228.8834
01.09.2014,01:00:00,0.93290,0.94013,0.92627,0.93630,429825.3896
08.09.2014,01:00:00,0.93630,0.93741,0.90051,0.90113,572423.9434000001
15.09.2014,01:00:00,0.90112,0.91122,0.89207,0.89385,446180.411
22.09.2014,01:00:00,0.89383,0.89495,0.87273,0.87349,359521.0297
29.09.2014,01:00:00,0.87351,0.88263,0.86425,0.86619,424588.1656
06.10.2014,01:00:00,0.86621,0.88982,0.86520,0.86774,471726.3521
13.10.2014,01:00:00,0.86774,0.88599,0.86516,0.87550,517121.33690000005
20.10.2014,01:00:00,0.87549,0.88323,0.87185,0.88043,357919.09979999997
27.10.2014,00:00:00,0.88045,0.89110,0.87454,0.87518,380059.17590000003
03.11.2014,00:00:00,0.87518,0.87619,0.85405,0.86427,510037.024
10.11.2014,00:00:00,0.86426,0.87783,0.85905,0.87514,447874.4308
17.11.2014,00:00:00,0.87512,0.87959,0.85664,0.86794,443299.208
24.11.2014,00:00:00,0.86794,0.87003,0.84271,0.84401,377294.87110000005
01.12.2014,00:00:00,0.84399,0.85420,0.82947,0.83067,599171.9681999999
08.12.2014,00:00:00,0.83067,0.83751,0.82045,0.82091,719246.4064000001
15.12.2014,00:00:00,0.82092,0.82738,0.81064,0.81469,644926.0645
22.12.2014,00:00:00,0.81469,0.81726,0.80877,0.81128,258049.1489
29.12.2014,00:00:00,0.81126,0.82152,0.80519,0.80668,276078.0211
05.01.2015,00:00:00,0.80668,0.82293,0.80322,0.82220,534655.7842999999
12.01.2015,00:00:00,0.82218,0.82946,0.80678,0.82250,629906.6171
19.01.2015,00:00:00,0.82249,0.82434,0.78580,0.78760,594594.4247999999
26.01.2015,00:00:00,0.78760,0.80244,0.77196,0.77798,606321.9839
02.02.2015,00:00:00,0.77798,0.78749,0.76258,0.77612,588914.0386
09.02.2015,00:00:00,0.77612,0.78414,0.76436,0.77642,505650.2168
16.02.2015,00:00:00,0.77641,0.78485,0.77416,0.78440,499075.39359999995
23.02.2015,00:00:00,0.78440,0.79126,0.77392,0.77840,498262.0719
02.03.2015,00:00:00,0.77840,0.78602,0.77040,0.77207,457902.3869
09.03.2015,00:00:00,0.77203,0.77397,0.75601,0.76142,623123.836
16.03.2015,00:00:00,0.76141,0.78462,0.75907,0.77819,620331.669
23.03.2015,00:00:00,0.77819,0.79376,0.77260,0.77340,722832.6641
30.03.2015,01:00:00,0.77340,0.77391,0.75325,0.76391,596197.4042
06.04.2015,01:00:00,0.76392,0.77380,0.75767,0.76639,551701.8873000001
13.04.2015,01:00:00,0.76639,0.78422,0.75525,0.78040,659352.0449999999
20.04.2015,01:00:00,0.78039,0.78404,0.76825,0.78291,659560.4586
27.04.2015,01:00:00,0.78294,0.80752,0.77913,0.78268,702819.5049
04.05.2015,01:00:00,0.78267,0.80301,0.77845,0.79245,656382.6572
11.05.2015,01:00:00,0.79242,0.81628,0.78759,0.80430,660949.8564000002
18.05.2015,01:00:00,0.80429,0.80443,0.78076,0.78113,526544.5553
25.05.2015,01:00:00,0.78114,0.78394,0.76173,0.76412,484044.31110000005
01.06.2015,01:00:00,0.76412,0.78189,0.75978,0.76158,604589.233
08.06.2015,01:00:00,0.76157,0.77926,0.76026,0.77286,560022.6542999999
15.06.2015,01:00:00,0.77285,0.78486,0.76439,0.77652,468668.11919999996
22.06.2015,01:00:00,0.77652,0.77961,0.75861,0.76182,442547.4747
29.06.2015,01:00:00,0.76181,0.77384,0.74624,0.74850,512953.9399
06.07.2015,01:00:00,0.74850,0.75323,0.73719,0.74198,513017.84140000003
13.07.2015,01:00:00,0.74198,0.74886,0.73493,0.73676,526494.9356
20.07.2015,01:00:00,0.73675,0.74491,0.72596,0.72735,547525.1143
27.07.2015,01:00:00,0.72734,0.73657,0.72343,0.72952,550832.999
03.08.2015,01:00:00,0.72954,0.74278,0.72596,0.73970,544667.8288
10.08.2015,01:00:00,0.73972,0.74390,0.72154,0.73675,536906.5343
17.08.2015,01:00:00,0.73675,0.73887,0.72496,0.72528,476658.5244
24.08.2015,01:00:00,0.72527,0.72750,0.70430,0.71381,606424.0475000001
31.08.2015,01:00:00,0.71380,0.71584,0.69070,0.69349,499487.8442
07.09.2015,01:00:00,0.69348,0.70994,0.69139,0.70979,485940.59189999994
14.09.2015,01:00:00,0.70978,0.72796,0.70629,0.71891,441741.4459000001
21.09.2015,01:00:00,0.71893,0.71967,0.69381,0.70178,398499.0333
28.09.2015,01:00:00,0.70176,0.70845,0.69365,0.70458,421643.7047
05.10.2015,01:00:00,0.70456,0.73438,0.70422,0.73124,457962.87990000006
12.10.2015,01:00:00,0.73123,0.73817,0.71981,0.72589,504341.20119999995
19.10.2015,01:00:00,0.72587,0.73069,0.71829,0.72211,434007.47659999994
26.10.2015,00:00:00,0.72211,0.72692,0.70671,0.71331,466337.8433
02.11.2015,00:00:00,0.71331,0.72237,0.70224,0.70368,467480.47870000004
09.11.2015,00:00:00,0.70367,0.71587,0.70155,0.71067,486360.74720000004
16.11.2015,00:00:00,0.71064,0.72500,0.70682,0.72240,487806.97030000004
23.11.2015,00:00:00,0.72241,0.72828,0.71588,0.71828,463421.75049999997
30.11.2015,00:00:00,0.71829,0.73850,0.71700,0.73377,618575.5533
07.12.2015,00:00:00,0.73377,0.73390,0.71596,0.71634,593773.4991
14.12.2015,00:00:00,0.71634,0.72827,0.70967,0.71684,629781.5480000001
21.12.2015,00:00:00,0.71684,0.72869,0.71549,0.72809,329958.84369999997
28.12.2015,00:00:00,0.72808,0.73270,0.72445,0.72840,307842.2167
04.01.2016,00:00:00,0.72840,0.72898,0.69266,0.69373,680384.3082000001
11.01.2016,00:00:00,0.69373,0.70483,0.68267,0.68571,746363.7321
18.01.2016,00:00:00,0.68570,0.70456,0.68277,0.69989,732637.319
25.01.2016,00:00:00,0.69989,0.71406,0.69185,0.70681,720490.7936
01.02.2016,00:00:00,0.70678,0.72424,0.70025,0.70840,650445.6445999999
08.02.2016,00:00:00,0.70841,0.71528,0.69732,0.71141,725446.4195999999
15.02.2016,00:00:00,0.71138,0.71861,0.70687,0.71427,582417.8062
22.02.2016,00:00:00,0.71425,0.72589,0.71136,0.71262,612720.5499
29.02.2016,00:00:00,0.71262,0.74427,0.71084,0.74059,696555.1221
07.03.2016,00:00:00,0.74059,0.75832,0.73925,0.75608,687461.6916
14.03.2016,00:00:00,0.75609,0.76797,0.74142,0.75925,688587.6485
21.03.2016,00:00:00,0.75925,0.76484,0.74768,0.75010,508895.1773
28.03.2016,01:00:00,0.75009,0.77221,0.74926,0.76661,572200.8032
04.04.2016,01:00:00,0.76662,0.76729,0.74914,0.75633,558150.8872
11.04.2016,01:00:00,0.75633,0.77366,0.75276,0.76438,561594.4815000001
18.04.2016,01:00:00,0.76436,0.78344,0.76345,0.77091,624846.8784
25.04.2016,01:00:00,0.77091,0.77649,0.75478,0.76150,635562.5639999999
02.05.2016,01:00:00,0.76149,0.77182,0.73373,0.73727,583800.8927
09.05.2016,01:00:00,0.73727,0.74020,0.72453,0.72728,511950.61079999997
16.05.2016,01:00:00,0.72725,0.73659,0.71762,0.72233,453510.85719999997
23.05.2016,01:00:00,0.72236,0.72594,0.71450,0.71780,465037.3544
30.05.2016,01:00:00,0.71780,0.73686,0.71485,0.73426,518140.8697
06.06.2016,01:00:00,0.73425,0.75039,0.73151,0.73714,479419.56549999997
13.06.2016,01:00:00,0.73715,0.74453,0.72849,0.74268,514544.68650000007
20.06.2016,01:00:00,0.74266,0.76442,0.73042,0.74271,616897.1632
27.06.2016,01:00:00,0.74265,0.75025,0.73245,0.74621,621937.0128
04.07.2016,01:00:00,0.74621,0.75731,0.74077,0.75568,592130.3175000001
11.07.2016,01:00:00,0.75568,0.76757,0.75215,0.75889,593786.6786999999
18.07.2016,01:00:00,0.75888,0.76063,0.74423,0.74728,1564304.7383
25.07.2016,01:00:00,0.74728,0.76099,0.74204,0.75870,2691170.877
01.08.2016,01:00:00,0.75871,0.76639,0.74888,0.76110,2208858.1993
08.08.2016,01:00:00,0.76108,0.77556,0.75970,0.76546,1826638.2383999997
15.08.2016,01:00:00,0.76546,0.77489,0.75988,0.76056,1915346.5527999997
22.08.2016,01:00:00,0.76056,0.76919,0.75391,0.75398,2022506.1211999997
29.08.2016,01:00:00,0.75398,0.76156,0.74901,0.75638,2172197.8811
05.09.2016,01:00:00,0.75638,0.77318,0.75304,0.75418,2472902.5743
12.09.2016,01:00:00,0.75418,0.75678,0.74418,0.75009,3098521.8281
19.09.2016,01:00:00,0.75009,0.76743,0.75006,0.76134,2890835.0508
26.09.2016,01:00:00,0.76134,0.77099,0.75897,0.76423,3012483.2558999998
03.10.2016,01:00:00,0.76423,0.76907,0.75528,0.75999,2671092.1192
10.10.2016,01:00:00,0.75999,0.76473,0.75061,0.75948,2443923.92
17.10.2016,01:00:00,0.75947,0.77339,0.75809,0.76020,2045046.8027999997
24.10.2016,01:00:00,0.76019,0.77086,0.75575,0.75945,675118.2441
31.10.2016,00:00:00,0.75951,0.76966,0.75828,0.76767,738936.1832999999
07.11.2016,00:00:00,0.76767,0.77779,0.75249,0.75501,1027034.2227000002
14.11.2016,00:00:00,0.75502,0.75808,0.73140,0.73239,911511.5752
21.11.2016,00:00:00,0.73239,0.74677,0.73106,0.74418,760542.4112
28.11.2016,00:00:00,0.74418,0.74972,0.73700,0.74384,739153.7578
05.12.2016,00:00:00,0.74382,0.75077,0.74136,0.74471,632277.9458999999
12.12.2016,00:00:00,0.74473,0.75244,0.72659,0.72893,774191.8920999999
19.12.2016,00:00:00,0.72894,0.73124,0.71596,0.71754,553756.6486999999
26.12.2016,00:00:00,0.71754,0.72463,0.71634,0.72078,423805.68909999996
02.01.2017,00:00:00,0.72078,0.73564,0.71654,0.73116,662729.4560000001
09.01.2017,00:00:00,0.73115,0.75180,0.73016,0.74980,829742.5788
16.01.2017,00:00:00,0.74985,0.75883,0.74579,0.75718,830279.2287000001
23.01.2017,00:00:00,0.75719,0.76089,0.75113,0.75537,787894.9595
30.01.2017,00:00:00,0.75538,0.76958,0.75276,0.76743,712735.6095
06.02.2017,00:00:00,0.76743,0.76883,0.76055,0.76689,674553.0738
13.02.2017,00:00:00,0.76690,0.77318,0.76177,0.76656,633253.2954000001
20.02.2017,00:00:00,0.76656,0.77404,0.76494,0.76682,532315.5499
27.02.2017,00:00:00,0.76680,0.77075,0.75428,0.75944,621936.7477000001
06.03.2017,00:00:00,0.75944,0.76323,0.74911,0.75412,594164.5561999999
13.03.2017,00:00:00,0.75411,0.77188,0.75337,0.77058,598480.8751
20.03.2017,00:00:00,0.77062,0.77495,0.76037,0.76320,632272.0797
27.03.2017,01:00:00,0.76320,0.76792,0.75872,0.76289,483920.02739999996
03.04.2017,01:00:00,0.76290,0.76399,0.74916,0.75061,571020.8164
10.04.2017,01:00:00,0.75060,0.75952,0.74728,0.75792,554012.3877000001
17.04.2017,01:00:00,0.75792,0.76102,0.74915,0.75559,530287.247
24.04.2017,01:00:00,0.75556,0.75839,0.74398,0.74830,577872.6426
01.05.2017,01:00:00,0.74834,0.75559,0.73674,0.74150,496800.7466000001
08.05.2017,01:00:00,0.74149,0.74244,0.73287,0.73929,571631.3916000001
15.05.2017,01:00:00,0.73928,0.74692,0.73871,0.74511,615249.8701
22.05.2017,01:00:00,0.74512,0.75171,0.74217,0.74414,536492.7105
29.05.2017,01:00:00,0.74417,0.74755,0.73717,0.74275,439778.186
05.06.2017,01:00:00,0.74273,0.75664,0.74219,0.75277,441140.58540000004
12.06.2017,01:00:00,0.75283,0.76351,0.75214,0.76188,480805.99869999994
19.06.2017,01:00:00,0.76189,0.76289,0.75350,0.75710,483415.5958
26.06.2017,01:00:00,0.75710,0.77120,0.75654,0.76864,568923.7272000001
03.07.2017,01:00:00,0.76864,0.76949,0.75710,0.76042,535514.5717999999
10.07.2017,01:00:00,0.76042,0.78338,0.75862,0.78239,419740.4805
17.07.2017,01:00:00,0.78240,0.79883,0.77861,0.79245,692553.7383000001
24.07.2017,01:00:00,0.79245,0.80653,0.78776,0.79808,673641.6406999999
31.07.2017,01:00:00,0.79813,0.80423,0.78911,0.79267,598983.8984
07.08.2017,01:00:00,0.79268,0.79484,0.78387,0.79035,527307.9688
14.08.2017,01:00:00,0.79031,0.79625,0.78075,0.79256,619344.1065
21.08.2017,01:00:00,0.79257,0.79539,0.78664,0.79411,600123.8291
28.08.2017,01:00:00,0.79411,0.79955,0.78710,0.79642,724170.9101999999
04.09.2017,01:00:00,0.79641,0.81247,0.79410,0.80482,791184.8008
11.09.2017,01:00:00,0.80482,0.80581,0.79554,0.79951,721212.5918000002
18.09.2017,01:00:00,0.79951,0.81029,0.79078,0.79613,847035.4121
25.09.2017,01:00:00,0.79613,0.79732,0.77993,0.78416,703698.8637999999
02.10.2017,01:00:00,0.78415,0.78747,0.77328,0.77776,634412.9483
09.10.2017,01:00:00,0.77775,0.78967,0.77474,0.78852,592026.1583
16.10.2017,01:00:00,0.78852,0.78884,0.78048,0.78052,624116.2828
23.10.2017,01:00:00,0.78053,0.78341,0.76247,0.76656,634792.2662
30.10.2017,00:00:00,0.76655,0.77296,0.76388,0.76495,625949.1056
06.11.2017,00:00:00,0.76495,0.77005,0.76270,0.76460,480129.2916000001
13.11.2017,00:00:00,0.76460,0.76654,0.75358,0.75525,430788.9496
20.11.2017,00:00:00,0.75525,0.76384,0.75317,0.76107,392325.5098
27.11.2017,00:00:00,0.76107,0.76445,0.75510,0.75873,499220.03910000005
04.12.2017,00:00:00,0.75875,0.76533,0.75010,0.75065,455184.125
11.12.2017,00:00:00,0.75066,0.76943,0.75062,0.76460,466953.51220000006
18.12.2017,00:00:00,0.76460,0.77205,0.76404,0.77097,398358.8141
25.12.2017,00:00:00,0.77096,0.78248,0.77094,0.77906,237075.4199
01.01.2018,00:00:00,0.77906,0.78744,0.77906,0.78587,342484.279
08.01.2018,00:00:00,0.78587,0.79240,0.78072,0.79077,485960.3710999999
15.01.2018,00:00:00,0.79077,0.80384,0.79071,0.80012,585064.6409999998
22.01.2018,00:00:00,0.80012,0.81355,0.79563,0.81160,653048.5925000001
29.01.2018,00:00:00,0.81160,0.81177,0.78904,0.79042,729331.4493999999
05.02.2018,00:00:00,0.79040,0.79535,0.77588,0.78200,973055.6664000002
12.02.2018,00:00:00,0.78200,0.79882,0.77727,0.79111,763555.2457
19.02.2018,00:00:00,0.79113,0.79349,0.77901,0.78381,686537.1512999999
26.02.2018,00:00:00,0.78382,0.78931,0.77124,0.77552,728499.3594999983
05.03.2018,00:00:00,0.77552,0.78652,0.77253,0.78605,664927.3599999993
12.03.2018,00:00:00,0.78605,0.79160,0.77091,0.77171,567894.0201000009