23.05.2017,01:00:00,2105,2270,2100,2255,354038
24.05.2017,01:00:00,2256,2435,2254,2430,301390
25.05.2017,01:00:00,2421,2799,2206,2329,469944
26.05.2017,01:00:00,2329,2662,2241,2242,287230.0625
28.05.2017,01:00:00,2205,2248,2082,2180,1.8013
29.05.2017,01:00:00,2180,2353,2094,2274,774460
30.05.2017,01:00:00,2275,2331,2129,2192,695716
31.05.2017,01:00:00,2191,2336,2148,2303,709032
01.06.2017,01:00:00,2304,2475,2298,2418,370924
02.06.2017,01:00:00,2418,2449,2379,2430,279925.8438
04.06.2017,01:00:00,2522,2537,2471,2523,0
05.06.2017,01:00:00,2524,2629,2518,2625,229042
06.06.2017,01:00:00,2690,2939,2671,2869,373920
07.06.2017,01:00:00,2869,2882,2609,2686,460946
08.06.2017,01:00:00,2685,2812,2618,2808,379298
09.06.2017,01:00:00,2808,2860,2787,2835,197644.8281
11.06.2017,01:00:00,2926,2999,2855,2954,24738
12.06.2017,01:00:00,2954,3000,2427,2524,189132
13.06.2017,01:00:00,2654,2785,2632,2710,373518
14.06.2017,01:00:00,2710,2811,2326,2453,185960
15.06.2017,01:00:00,2341,2470,2075,2407,394398
16.06.2017,01:00:00,2405,2521,2303,2488,333150
18.06.2017,01:00:00,2527,2538,2458,2508,43876
19.06.2017,01:00:00,2514,2585,2484,2580,359126
20.06.2017,01:00:00,2597,2772,2584,2725,372570
21.06.2017,01:00:00,2725,2780,2569,2647,251254
22.06.2017,01:00:00,2647,2729,2598,2684,363916
23.06.2017,01:00:00,2683,2734,2664,2707,290014
25.06.2017,01:00:00,2518,2523,2408,2499,25842
26.06.2017,01:00:00,2499,2556,2253,2408,373214
27.06.2017,01:00:00,2408,2571,2264,2571,400992
28.06.2017,01:00:00,2571,2602,2455,2554,311152
29.06.2017,01:00:00,2553,2592,2502,2530,341782
30.06.2017,01:00:00,2531,2552,2478,2502,224932
02.07.2017,01:00:00,2481,2534,2474,2508,25718
03.07.2017,01:00:00,2508,2585,2471,2547,271066
04.07.2017,01:00:00,2547,2637,2544,2602,274946
05.07.2017,01:00:00,2602,2629,2538,2615,241816
06.07.2017,01:00:00,2612,2622,2578,2604,280604
07.07.2017,01:00:00,2604,2609,2487,2515,207598
09.07.2017,01:00:00,2533,2544,2497,2500,21986
10.07.2017,01:00:00,2500,2523,2256,2331,276842
11.07.2017,01:00:00,2331,2408,2254,2329,298290
12.07.2017,01:00:00,2301,2413,2242,2382,361338
13.07.2017,01:00:00,2381,2418,2307,2339,312870
14.07.2017,01:00:00,2340,2352,2150,2158,292242
16.07.2017,01:00:00,1902,1938,1851,1905,0
17.07.2017,01:00:00,1906,2230,1904,2224,302164
18.07.2017,01:00:00,2221,2394,2144,2307,402900
19.07.2017,01:00:00,2348,2394,2216,2259,357576
20.07.2017,01:00:00,2259,2773,2257,2740,279532
21.07.2017,01:00:00,2635,2650,2613,2625,0
23.07.2017,01:00:00,2778,2805,2720,2756,29708
24.07.2017,01:00:00,2755,2802,2720,2759,269282
25.07.2017,01:00:00,2759,2777,2450,2562,331334
26.07.2017,01:00:00,2561,2609,2403,2525,297638
27.07.2017,01:00:00,2526,2686,2511,2665,283384
28.07.2017,01:00:00,2665,2833,2655,2754,329396
31.07.2017,01:00:00,2760,2906,2678,2869,483822
01.08.2017,01:00:00,2869,2924,2638,2729,445794
02.08.2017,01:00:00,2729,2757,2649,2700,376928
03.08.2017,01:00:00,2700,2804,2698,2789,308066
04.08.2017,01:00:00,2789,2877,2761,2832,265628
06.08.2017,01:00:00,3267,3292,3213,3229,21000
07.08.2017,01:00:00,3229,3423,3191,3394,326554
08.08.2017,01:00:00,3397,3487,3346,3423,365076
09.08.2017,01:00:00,3423,3434,3237,3344,420472
10.08.2017,01:00:00,3356,3460,3315,3434,312006
11.08.2017,01:00:00,3482,3588,3458,3588,206116
13.08.2017,01:00:00,4060,4124,3953,4061,41120
14.08.2017,01:00:00,4061,4341,3978,4321,350620
15.08.2017,01:00:00,4321,4450,3808,4160,406638
16.08.2017,01:00:00,4160,4391,4112,4380,80084
17.08.2017,01:00:00,4380,4476,4179,4336,236870
18.08.2017,01:00:00,4280,4310,4190,4300,83060
20.08.2017,01:00:00,4131,4181,4042,4063,34922
21.08.2017,01:00:00,4063,4102,3964,3997,249682
22.08.2017,01:00:00,3775,4141,3771,4092,319462
23.08.2017,01:00:00,4092,4260,4003,4144,309910
24.08.2017,01:00:00,4144,4359,4112,4312,298546
25.08.2017,01:00:00,4312,4453,4284,4329,250584
27.08.2017,01:00:00,4356,4376,4327,4329,25786
28.08.2017,01:00:00,4339,4396,4186,4386,293134
29.08.2017,01:00:00,4386,4642,4346,4591,290336
30.08.2017,01:00:00,4592,4637,4495,4581,244326
31.08.2017,01:00:00,4581,4767,4576,4734,221190
04.09.2017,01:00:00,4626,4628,4158,4344,337466
05.09.2017,01:00:00,4344,4524,4029,4433,390200
06.09.2017,01:00:00,4433,4681,4419,4616,407770
07.09.2017,01:00:00,4616,4690,4479,4624,443868
08.09.2017,01:00:00,4624,4692,4139,4247,345174
10.09.2017,01:00:00,4330,4345,4227,4251,27516
11.09.2017,01:00:00,4251,4379,4110,4214,530202
12.09.2017,01:00:00,4214,4385,4079,4160,337050
13.09.2017,01:00:00,4160,4172,3732,3855,372850
14.09.2017,01:00:00,3855,3925,3213,3249,460394
15.09.2017,01:00:00,3329,3837,2973,3720,433552
17.09.2017,01:00:00,3765,3796,3700,3712,29822
18.09.2017,01:00:00,3712,4121,3703,4095,499542
19.09.2017,01:00:00,4012,4049,3850,3903,355890
20.09.2017,01:00:00,3901,4043,3832,3867,320162
21.09.2017,01:00:00,3866,3905,3572,3623,358392
22.09.2017,01:00:00,3653,3761,3510,3614,157902
24.09.2017,01:00:00,3676,3695,3655,3669,17522
25.09.2017,01:00:00,3669,3960,3667,3919,147444
26.09.2017,01:00:00,3919,3965,3850,3881,307786
27.09.2017,01:00:00,3882,4229,3872,4200,275478
28.09.2017,01:00:00,4200,4276,4124,4187,327800
29.09.2017,01:00:00,4187,4219,4015,4169,209552
02.10.2017,01:00:00,4387,4469,4360,4397,138918
03.10.2017,01:00:00,4386,4425,4236,4310,146256
04.10.2017,01:00:00,4310,4347,4182,4219,225970
05.10.2017,01:00:00,4215,4360,4145,4315,205196
06.10.2017,01:00:00,4315,4416,4293,4338,183886
08.10.2017,01:00:00,4562,4614,4535,4598,23170
09.10.2017,01:00:00,4598,4870,4555,4772,276066
10.10.2017,01:00:00,4770,4927,4708,4748,276694
11.10.2017,01:00:00,4748,4875,4714,4819,254982
12.10.2017,01:00:00,4818,5437,4811,5434,354268
13.10.2017,01:00:00,5436,5866,5387,5613,310776
15.10.2017,01:00:00,5507,5737,5476,5694,23610
16.10.2017,01:00:00,5694,5785,5575,5751,338962
17.10.2017,01:00:00,5752,5769,5523,5595,261510
18.10.2017,01:00:00,5595,5600,5107,5574,311646
19.10.2017,01:00:00,5574,5739,5518,5703,279400
20.10.2017,01:00:00,5703,6064,5614,5973,247840
22.10.2017,01:00:00,5990,6030,5855,5997,0
23.10.2017,01:00:00,5997,6057,5648,5906,381218
24.10.2017,01:00:00,5906,5906,5464,5521,562990
25.10.2017,01:00:00,5521,5759,5373,5738,435040
26.10.2017,01:00:00,5737,5985,5692,5890,319298
27.10.2017,01:00:00,5890,5995,5690,5751,269210
29.10.2017,01:00:00,5945,6251,5945,6133,16087.8604
30.10.2017,00:00:00,6133,6215,6027,6124,154818.7813
31.10.2017,00:00:00,6124,6466,6086,6445,122140.1563
01.11.2017,00:00:00,6445,6758,6363,6742,128843.4609
02.11.2017,00:00:00,6742,7391,6733,7026,125676.6719
03.11.2017,00:00:00,7026,7449,6933,7228,117237.1484
05.11.2017,00:00:00,7513,7592,7304,7381,9467.5
06.11.2017,00:00:00,7382,7424,6925,6954,154754.9063
07.11.2017,00:00:00,6960,7226,6959,7123,121750.3984
08.11.2017,00:00:00,7123,7882,7035,7457,129109.6563
09.11.2017,00:00:00,7458,7470,7054,7150,125719.5625
10.11.2017,00:00:00,7150,7345,6414,6580,123167.0938
12.11.2017,00:00:00,6060,6188,5603,5844,9468.2197
13.11.2017,00:00:00,5844,6813,5801,6529,155659.9219
14.11.2017,00:00:00,6530,6748,6477,6603,121904.3984
15.11.2017,00:00:00,6603,7344,6603,7277,128767.5469
16.11.2017,00:00:00,7274,7985,7115,7839,125419.9297
17.11.2017,00:00:00,7839,7996,7532,7697,123797.4531
19.11.2017,00:00:00,7965,8099,7931,8032,9342.1504
20.11.2017,00:00:00,8032,8299,7943,8237,155555.1875
21.11.2017,00:00:00,8237,8374,7798,8097,121950.7188
22.11.2017,00:00:00,8097,8303,8061,8237,128965.3203
23.11.2017,00:00:00,8238,8268,8009,8019,126523.8516
24.11.2017,00:00:00,8019,8327,7872,8249,123008.5313
26.11.2017,00:00:00,9289,9519,9146,9318,9372.9805
27.11.2017,00:00:00,9318,9763,9310,9763,155566
28.11.2017,00:00:00,9741,9975,9625,9909,122568.3516
29.11.2017,00:00:00,9932,11433,8980,9789,129306.9375
30.11.2017,00:00:00,9785,10811,9011,9916,126294.9688
01.12.2017,00:00:00,9916,10940,9373,10897,123414.0469
03.12.2017,00:00:00,11643,11845,10500,11220,9489.5703
04.12.2017,00:00:00,11220,11638,10927,11634,155968.7031
05.12.2017,00:00:00,11634,11864,11497,11718,122315.1094
06.12.2017,00:00:00,11718,13953,11701,13705,128548.1172
07.12.2017,00:00:00,13719,16784,13488,16342,126197.3516
08.12.2017,00:00:00,16341,17021,13865,15640,123173.1016
10.12.2017,00:00:00,15426,15913,14524,15066,9465.0703
11.12.2017,00:00:00,15097,17424,15011,16750,156148.2188
12.12.2017,00:00:00,16747,17596,16293,17146,121841.2969
13.12.2017,00:00:00,17147,17620,15741,16358,128570.0391
14.12.2017,00:00:00,16354,17101,16029,16386,126032.2969
15.12.2017,00:00:00,16492,17957,16359,17629,123100.3672
17.12.2017,00:00:00,19090,19510,18671,19025,9433.7998
18.12.2017,00:00:00,19025,19229,18118,18929,155534.125
19.12.2017,00:00:00,18928,19002,16728,17585,121781.4375
20.12.2017,00:00:00,17586,17835,15585,16443,129021.5469
21.12.2017,00:00:00,16455,17339,14853,15682,125847.1797
22.12.2017,00:00:00,15685,15825,10772,14234,123787.5
24.12.2017,00:00:00,13053,14147,12535,14139,9367.2803
25.12.2017,00:00:00,13985,14623,13162,13951,133535.5938
26.12.2017,00:00:00,13947,16131,13895,15791,121919.7266
27.12.2017,00:00:00,15790,16499,14604,15391,128380.7422
28.12.2017,00:00:00,15392,15489,13498,14459,126137.7109
29.12.2017,00:00:00,14447,15093,13939,14308,123464.5625
01.01.2018,00:00:00,13496,14308,13347,13378,10202
02.01.2018,00:00:00,13376,15197,12921,14708,122058
03.01.2018,00:00:00,14679,15374,14556,15093,128938
04.01.2018,00:00:00,15093,15367,14167,15107,126044
05.01.2018,00:00:00,15107,16880,14786,16782,123338
07.01.2018,00:00:00,16140,16782,16099,16121,9452
08.01.2018,00:00:00,16117,16227,13865,14940,127730
09.01.2018,00:00:00,14919,15321,14110,14396,107810
10.01.2018,00:00:00,14359,14846,13388,14844,121450
11.01.2018,00:00:00,14847,14914,12744,13243,109526
12.01.2018,00:00:00,13199,14066,12783,13697,101682
14.01.2018,00:00:00,13357,13697,13348,13572,7602
15.01.2018,00:00:00,13572,14274,13342,13531,102052
16.01.2018,00:00:00,13533,13539,9976,11340,97912
17.01.2018,00:00:00,11337,11721,9125,11095,117290
18.01.2018,00:00:00,11155,12007,10546,11207,157566
19.01.2018,00:00:00,11197,11885,10840,11310,165168
21.01.2018,00:00:00,11322,11474,11120,11474,13212
22.01.2018,00:00:00,11467,11832,9980,10743,194252
23.01.2018,00:00:00,10738,11338,9908,10782,196556
24.01.2018,00:00:00,10799,11445,10447,11332,170940
25.01.2018,00:00:00,11336,11662,10847,11091,146146
26.01.2018,00:00:00,11082,11564,10261,10847,80962.02080000001
28.01.2018,00:00:00,11725,11734,10847,11640,0.4198
29.01.2018,00:00:00,11635,11723,10995,11142,6.429900000000001
30.01.2018,00:00:00,11149,11167,9756,10006,8.0855
31.01.2018,00:00:00,10036,10321,9584,10121,7.7879000000000005
01.02.2018,00:00:00,10112,10199,8601,9018,8.6317
02.02.2018,00:00:00,9020,9084,7564,8535,7.964499999999998
04.02.2018,00:00:00,8018,8535,8002,8122,0.7766
05.02.2018,00:00:00,8121,8300,6541,6857,10.0129
06.02.2018,00:00:00,6870,7884,5882,7644,12.353599999999997
07.02.2018,00:00:00,7638,8538,7140,7527,10.759599999999999
08.02.2018,00:00:00,7538,8580,7527,8190,9.1236
09.02.2018,00:00:00,8197,8677,7706,8505,7.536599999999998
11.02.2018,00:00:00,8242,8505,7970,8020,0.6511
12.02.2018,00:00:00,8023,8928,8021,8843,270.0524
13.02.2018,00:00:00,8845,8883,8313,8465,813.1000000000001
14.02.2018,00:00:00,8465,9442,8460,9420,891.9599999999999
15.02.2018,00:00:00,9421,10162,9288,9962,971.21
16.02.2018,00:00:00,9957,10236,9645,10028,808.23
18.02.2018,00:00:00,10698,10703,10028,10346,80.03
19.02.2018,00:00:00,10339,11194,10264,11106,896.5799999999999
20.02.2018,00:00:00,11115,11716,11027,11164,920.43
21.02.2018,00:00:00,11171,11214,10189,10400,1061.08
22.02.2018,00:00:00,10396,10869,9674,9780,1028.35
23.02.2018,00:00:00,9773,10353,9532,9860,1099.6325
25.02.2018,00:00:00,9535,9860,9491,9518,107.995
26.02.2018,00:00:00,9529,10392,9323,10260,1322.0249999999999
27.02.2018,00:00:00,10245,10801,10083,10524,1422.605
28.02.2018,00:00:00,10530,11009,10228,10255,1340.86
01.03.2018,00:00:00,10263,11026,10170,10859,785.5399999999998
02.03.2018,00:00:00,10865,11118,10732,10970,698.99
04.03.2018,00:00:00,11367,11463,10970,11437,49.68
05.03.2018,00:00:00,11442,11621,11357,11378,617.5099999999999
06.03.2018,00:00:00,11363,11377,10517,10671,743.87
07.03.2018,00:00:00,10650,10844,9390,9857,862.7999999999998
08.03.2018,00:00:00,9868,10056,9033,9255,843.3700000000001
09.03.2018,00:00:00,9264,9374,8336,9049,930.5
12.03.2018,00:00:00,9496,9855,8744,8959,717.6400000000001
13.03.2018,00:00:00,9086,9432,8809,9106,808.19
14.03.2018,00:00:00,9107,9310,7905,8156,760.7499999999999
15.03.2018,00:00:00,8155,8376,7633,8218,787.5999999999999
16.03.2018,00:00:00,8217,8560,7873,8486,634.36
18.03.2018,00:00:00,8159,8486,8012,8159,81.66
19.03.2018,00:00:00,8147,8677,8076,8563,794.37
20.03.2018,00:00:00,8563,8958,8282,8833,1064.0925000000002
21.03.2018,00:00:00,8833,9097,8681,8817,1577.6299999999994
22.03.2018,00:00:00,8817,9012,8415,8635,1633.8249999999996
23.03.2018,00:00:00,8636,8641,8213,8542,1323.4049999999997
25.03.2018,00:00:00,8547,8570,8321,8378,169.45999999999998
26.03.2018,01:00:00,8378,8422,7783,8062,1618.3224999999998
27.03.2018,01:00:00,8063,8134,7669,7710,1909.8225000000002
28.03.2018,01:00:00,7711,8024,7658,7865,1563.8125
29.03.2018,01:00:00,7865,7885,6839,7014,1937.9725000000003
30.03.2018,01:00:00,7014,7193,6516,6793,2294.035
01.04.2018,01:00:00,6749,6793,6687,6742,134.7125
02.04.2018,01:00:00,6742,7041,6700,6980,1657.8250000000005
03.04.2018,01:00:00,6980,7435,6943,7344,1573.9174999999998
04.04.2018,01:00:00,7344,7345,6634,6715,1668.9549999999979
05.04.2018,01:00:00,6715,6842,6507,6700,1905.9650000000008
06.04.2018,01:00:00,6701,6774,6438,6530,1376.0399999999977
08.04.2018,01:00:00,6923,6977,6530,6948,83.01000000000003
09.04.2018,01:00:00,6948,7102,6545,6701,835.8600000000009
10.04.2018,01:00:00,6701,6809,6587,6761,878.5549999999995
11.04.2018,01:00:00,6761,6894,6732,6873,885.4074999999995
12.04.2018,01:00:00,6873,7945,6688,7845,1607.5850000000014
13.04.2018,01:00:00,7845,8147,7679,7821,1677.1625000000001
15.04.2018,01:00:00,8232,8296,7821,8288,94.72749999999998
16.04.2018,01:00:00,8288,8337,7831,7984,1566.0049999999987
17.04.2018,01:00:00,7984,8086,7754,7818,1438.4474999999982
18.04.2018,01:00:00,7818,8158,7807,8094,755.6200000000011
19.04.2018,01:00:00,8094,8221,8027,8203,1206.397500000001
20.04.2018,01:00:00,8203,8485,8146,8450,1196.7100000000003
22.04.2018,01:00:00,8841,8842,8450,8723,178.46
23.04.2018,01:00:00,8723,8924,8705,8868,1394.4300000000007
24.04.2018,01:00:00,8868,9660,8861,9575,1584.7299999999993
25.04.2018,01:00:00,9575,9683,8692,8791,2111.7124999999974
26.04.2018,01:00:00,8791,9231,8588,9204,1757.2800000000018
27.04.2018,01:00:00,9204,9303,8884,8902,1251.8074999999988