29.12.2003,00:00:00,0.70094,0.70854,0.69812,0.70357,1409347.9259
05.01.2004,00:00:00,0.70358,0.70569,0.69263,0.69532,1589755.0196
12.01.2004,00:00:00,0.69530,0.69618,0.68671,0.68780,1594296.9259
19.01.2004,00:00:00,0.68778,0.69485,0.68716,0.68890,1593050.8009
26.01.2004,00:00:00,0.68906,0.69285,0.68100,0.68337,1631606.3067999997
02.02.2004,00:00:00,0.68338,0.68868,0.68101,0.68536,1617378.9941999998
09.02.2004,00:00:00,0.68540,0.68771,0.67477,0.67499,1632971.8184
16.02.2004,00:00:00,0.67532,0.67750,0.66957,0.67213,1644967.176
23.02.2004,00:00:00,0.67217,0.67608,0.66498,0.66842,1677873.0254999998
01.03.2004,00:00:00,0.66865,0.67290,0.66100,0.66933,1632034.7189
08.03.2004,00:00:00,0.66923,0.68429,0.66675,0.67853,1661041.3867999997
15.03.2004,00:00:00,0.67855,0.68170,0.66886,0.66911,1608710.0254999998
22.03.2004,00:00:00,0.66897,0.67351,0.66378,0.66785,1707697.0371
29.03.2004,01:00:00GMT+0100,0.66770,0.66983,0.66112,0.66158,1616363.9004
05.04.2004,01:00:00GMT+0100,0.66167,0.66534,0.65484,0.65813,1597381.3185
12.04.2004,01:00:00GMT+0100,0.65839,0.67128,0.65462,0.66727,1653520.1934999998
19.04.2004,01:00:00GMT+0100,0.66740,0.67244,0.66240,0.66615,1643632.5879
26.04.2004,01:00:00GMT+0100,0.66647,0.67657,0.66197,0.67370,1640817.0742999997
03.05.2004,01:00:00GMT+0100,0.67357,0.67970,0.66421,0.66462,1674096.6134
10.05.2004,01:00:00GMT+0100,0.66500,0.67651,0.66370,0.67594,1640355.5879999998
17.05.2004,01:00:00GMT+0100,0.67580,0.68154,0.66939,0.67072,1666730.9923
24.05.2004,01:00:00GMT+0100,0.67089,0.67126,0.66473,0.66617,1630901.5998
31.05.2004,01:00:00GMT+0100,0.66599,0.66880,0.66261,0.66848,1642869.6250999998
07.06.2004,01:00:00GMT+0100,0.66854,0.67105,0.65423,0.65900,1711600.9922
14.06.2004,01:00:00GMT+0100,0.65905,0.66612,0.65451,0.65965,1660742.9766999998
21.06.2004,01:00:00GMT+0100,0.65973,0.66937,0.65837,0.66642,1659171.3009
28.06.2004,01:00:00GMT+0100,0.66642,0.67330,0.66468,0.67190,1694861.8867999997
05.07.2004,01:00:00GMT+0100,0.67173,0.67251,0.66587,0.66690,1654882.9122
12.07.2004,01:00:00GMT+0100,0.66664,0.66850,0.66286,0.66402,1603364.6250999998
19.07.2004,01:00:00GMT+0100,0.66375,0.66851,0.65931,0.66040,1681054.2266999998
26.07.2004,01:00:00GMT+0100,0.66040,0.66491,0.65811,0.66129,1605385.1797999998
02.08.2004,01:00:00GMT+0100,0.66144,0.66758,0.65758,0.66618,1601622.1758
09.08.2004,01:00:00GMT+0100,0.66588,0.67273,0.66494,0.67102,1586189.1641999998
16.08.2004,01:00:00GMT+0100,0.67090,0.67831,0.66830,0.67715,1613181.4922
23.08.2004,01:00:00GMT+0100,0.67725,0.67824,0.66929,0.67042,1598517.0059
30.08.2004,01:00:00GMT+0100,0.67072,0.68143,0.66986,0.67927,1592008.9884
06.09.2004,01:00:00GMT+0100,0.67925,0.68491,0.67604,0.68320,1558836.2696
13.09.2004,01:00:00GMT+0100,0.68317,0.68555,0.67757,0.67890,1576748.6191999998
20.09.2004,01:00:00GMT+0100,0.67895,0.68667,0.67864,0.67979,1562479.625
27.09.2004,01:00:00GMT+0100,0.67998,0.69156,0.67796,0.68993,1598924.2384
04.10.2004,01:00:00GMT+0100,0.68975,0.69249,0.68634,0.69106,1593172.8947
11.10.2004,01:00:00GMT+0100,0.69122,0.69233,0.68484,0.69178,1591704.2305999997
18.10.2004,01:00:00GMT+0100,0.69165,0.69646,0.68891,0.69456,1583221.1367999997
25.10.2004,01:00:00GMT+0100,0.69427,0.69739,0.69282,0.69640,1500788.0059
01.11.2004,00:00:00,0.69635,0.69932,0.68963,0.69813,1503360.1250999998
08.11.2004,00:00:00,0.69813,0.70115,0.69390,0.69889,1495795.4629
15.11.2004,00:00:00,0.69859,0.70305,0.69756,0.70097,1499593.8067999997
22.11.2004,00:00:00,0.70086,0.70295,0.69841,0.70108,1495444.6992999997
29.11.2004,00:00:00,0.70105,0.70295,0.68731,0.69147,1510281.4004999998
06.12.2004,00:00:00,0.69143,0.69414,0.68683,0.69143,1483517.7754999998
13.12.2004,00:00:00,0.69135,0.69297,0.68390,0.68532,1510426.1055999997
20.12.2004,00:00:00,0.68527,0.70501,0.68418,0.70267,1477686.5059
27.12.2004,00:00:00,0.70261,0.71054,0.70199,0.70729,1395043.416
03.01.2005,00:00:00,0.70698,0.70922,0.69720,0.69831,1528245.4747
10.01.2005,00:00:00,0.69831,0.70325,0.69657,0.70013,1509707.3692999997
17.01.2005,00:00:00,0.70011,0.70368,0.69133,0.69425,1405681.9122000001
24.01.2005,00:00:00,0.69430,0.69618,0.68930,0.69020,1494896.8752
31.01.2005,00:00:00,0.69015,0.69441,0.68479,0.68582,1482503.0002
07.02.2005,00:00:00,0.68583,0.69051,0.68457,0.68914,1478589.8125
14.02.2005,00:00:00,0.68888,0.69264,0.68571,0.68987,1496906.4941999998
21.02.2005,00:00:00,0.68985,0.69614,0.68754,0.68995,1495308.7930999997
28.02.2005,00:00:00,0.68997,0.69062,0.68541,0.68782,1489553.0118999996
07.03.2005,00:00:00,0.68776,0.69935,0.68743,0.69873,1476830.4064
14.03.2005,00:00:00,0.69873,0.69944,0.69261,0.69327,1491803.5372
21.03.2005,00:00:00,0.69307,0.69589,0.69115,0.69270,1500314.0000999998
28.03.2005,01:00:00GMT+0100,0.69244,0.69350,0.68459,0.68574,1693017.3009
04.04.2005,01:00:00GMT+0100,0.68543,0.68829,0.68216,0.68599,1703785.2873
11.04.2005,01:00:00GMT+0100,0.68586,0.68778,0.68005,0.68181,1638268.3185
18.04.2005,01:00:00GMT+0100,0.68175,0.68555,0.67936,0.68102,1503653.5879999998
25.04.2005,01:00:00GMT+0100,0.68107,0.68171,0.67348,0.67453,1500030.0000999998
02.05.2005,01:00:00GMT+0100,0.67451,0.68293,0.67348,0.67790,1487446.4063
09.05.2005,01:00:00GMT+0100,0.67790,0.68487,0.67741,0.68189,1536679.5938
16.05.2005,01:00:00GMT+0100,0.68174,0.68964,0.68135,0.68757,1496878.5821999998
23.05.2005,01:00:00GMT+0100,0.68748,0.69016,0.68554,0.68706,1432310.7071999998
30.05.2005,01:00:00GMT+0100,0.68697,0.68797,0.67222,0.67387,1463434.2188
06.06.2005,01:00:00GMT+0100,0.67382,0.67521,0.66681,0.66832,1421117.0196999998
13.06.2005,01:00:00GMT+0100,0.66830,0.67251,0.66276,0.66867,1433790.3242999997
20.06.2005,01:00:00GMT+0100,0.66864,0.67022,0.66114,0.66484,1435487.7929999998
27.06.2005,01:00:00GMT+0100,0.66484,0.67973,0.66250,0.67697,1436846.3321999998
04.07.2005,01:00:00GMT+0100,0.67697,0.68929,0.67536,0.68851,1448118.4884999997
11.07.2005,01:00:00GMT+0100,0.68848,0.69109,0.68405,0.68711,1448844.5879
18.07.2005,01:00:00GMT+0100,0.68708,0.69887,0.68642,0.69315,1452888.8066999998
25.07.2005,01:00:00GMT+0100,0.69315,0.69466,0.68825,0.69052,1424250.8867
01.08.2005,01:00:00GMT+0100,0.69048,0.69637,0.68741,0.69477,1447947.3184999998
08.08.2005,01:00:00GMT+0100,0.69477,0.69549,0.68373,0.68547,1437821.9941999998
15.08.2005,01:00:00GMT+0100,0.68544,0.68552,0.67588,0.67715,1432355.6992999997
22.08.2005,01:00:00GMT+0100,0.67722,0.68310,0.67639,0.68221,1441860.8242999997
29.08.2005,01:00:00GMT+0100,0.68221,0.68517,0.67824,0.68151,1445770.5996
05.09.2005,01:00:00GMT+0100,0.68148,0.68180,0.67276,0.67345,1442194.9571
12.09.2005,01:00:00GMT+0100,0.67343,0.67876,0.67090,0.67477,1444438.7929999998
19.09.2005,01:00:00GMT+0100,0.67474,0.67975,0.67224,0.67847,1436260.8008
26.09.2005,01:00:00GMT+0100,0.67841,0.68383,0.67725,0.68210,1461394.6055999997
03.10.2005,01:00:00GMT+0100,0.68203,0.68978,0.67665,0.68877,1477064.3672
10.10.2005,01:00:00GMT+0100,0.68874,0.68989,0.68194,0.68362,1462542.6192999997
17.10.2005,01:00:00GMT+0100,0.68362,0.68665,0.67475,0.67533,1477755.9805999997
24.10.2005,01:00:00GMT+0100,0.67532,0.68233,0.67481,0.67935,1452636.1192999997
31.10.2005,00:00:00,0.67935,0.68150,0.67350,0.67500,1454858.8828999999
07.11.2005,00:00:00,0.67500,0.67737,0.67027,0.67278,1445467.1759
14.11.2005,00:00:00,0.67290,0.68624,0.67185,0.68561,1424042.2247
21.11.2005,00:00:00,0.68557,0.68770,0.68195,0.68308,1435325.4063
28.11.2005,00:00:00,0.68308,0.68654,0.67474,0.67625,1439374.5879999998
05.12.2005,00:00:00,0.67627,0.67963,0.67210,0.67307,1434704.2071
12.12.2005,00:00:00,0.67307,0.67966,0.67200,0.67892,1452550.0997
19.12.2005,00:00:00,0.67890,0.68535,0.67474,0.68361,1432785.8125999998
26.12.2005,00:00:00,0.68359,0.69050,0.68180,0.68720,1469036.5742999997
02.01.2006,00:00:00,0.68708,0.69081,0.68518,0.68626,1471071.9941999998
09.01.2006,00:00:00,0.68620,0.68849,0.68093,0.68422,1463070.4885
16.01.2006,00:00:00,0.68418,0.68859,0.68307,0.68586,1457708.6797
23.01.2006,00:00:00,0.68595,0.68914,0.68330,0.68393,1481180.5118999996
30.01.2006,00:00:00,0.68390,0.68562,0.67840,0.68206,1453413.4004
06.02.2006,00:00:00,0.68207,0.68853,0.67428,0.68227,1462768.1992999997
13.02.2006,00:00:00,0.68225,0.68709,0.68181,0.68543,1435354.4804999998
20.02.2006,00:00:00,0.68543,0.68612,0.67945,0.68015,1429999.8009
27.02.2006,00:00:00,0.68013,0.68727,0.67914,0.68671,1441557.4063
06.03.2006,00:00:00,0.68672,0.69057,0.68390,0.68968,1454312.2696999998
13.03.2006,00:00:00,0.68968,0.69485,0.68738,0.69367,1434925.4004999998
20.03.2006,00:00:00,0.69367,0.69474,0.68887,0.69023,1429174.8809999998
27.03.2006,01:00:00GMT+0100,0.69014,0.69827,0.68691,0.69717,1431546.1563
03.04.2006,01:00:00GMT+0100,0.69715,0.70201,0.69324,0.69432,1447817.8946999998
10.04.2006,01:00:00GMT+0100,0.69432,0.69701,0.68902,0.69107,1406126.6134
17.04.2006,01:00:00GMT+0100,0.69103,0.69336,0.68900,0.69205,1459126.4941999998
24.04.2006,01:00:00GMT+0100,0.69200,0.69801,0.69059,0.69147,1474341.5254
01.05.2006,01:00:00GMT+0100,0.69150,0.69216,0.68309,0.68399,1441818.6875
08.05.2006,01:00:00GMT+0100,0.68398,0.68730,0.67957,0.68176,1466705.3809
15.05.2006,01:00:00GMT+0100,0.68176,0.68209,0.67496,0.67996,1467003.5255999996
22.05.2006,01:00:00GMT+0100,0.67995,0.68635,0.67978,0.68548,1479594.9179999998
29.05.2006,01:00:00GMT+0100,0.68538,0.68765,0.68261,0.68599,1446410.4884
05.06.2006,01:00:00GMT+0100,0.68599,0.69094,0.68480,0.68574,1450396.7617
12.06.2006,01:00:00GMT+0100,0.68571,0.68607,0.68158,0.68211,1447144.8008
19.06.2006,01:00:00GMT+0100,0.68210,0.68864,0.68112,0.68747,1432165.1191999998
26.06.2006,01:00:00GMT+0100,0.68743,0.69455,0.68718,0.69197,1435770.1876999997
03.07.2006,01:00:00GMT+0100,0.69195,0.69597,0.69136,0.69208,1426010.8809999998
10.07.2006,01:00:00GMT+0100,0.69205,0.69321,0.68627,0.68722,1444350.7500999998
17.07.2006,01:00:00GMT+0100,0.68720,0.68910,0.68178,0.68276,1436909.3633
24.07.2006,01:00:00GMT+0100,0.68276,0.68615,0.68090,0.68485,1443884.4063
31.07.2006,01:00:00GMT+0100,0.68483,0.68487,0.67402,0.67517,1436371.2872
07.08.2006,01:00:00GMT+0100,0.67515,0.67684,0.67152,0.67297,1433326.2814999998
14.08.2006,01:00:00GMT+0100,0.67295,0.68198,0.67220,0.68170,1446626.8009
21.08.2006,01:00:00GMT+0100,0.68171,0.68275,0.67457,0.67604,1437330.5117999997
28.08.2006,01:00:00GMT+0100,0.67605,0.67670,0.67181,0.67407,1451666.8867999997
04.09.2006,01:00:00GMT+0100,0.67405,0.68071,0.67357,0.67837,1455695.9122
11.09.2006,01:00:00GMT+0100,0.67832,0.68185,0.67157,0.67277,1429426.875
18.09.2006,01:00:00GMT+0100,0.67263,0.67633,0.67028,0.67262,1438488.0002
25.09.2006,01:00:00GMT+0100,0.67252,0.67914,0.66844,0.67710,1416617.8946
02.10.2006,01:00:00GMT+0100,0.67716,0.67817,0.67093,0.67330,1418373.7129999998
09.10.2006,01:00:00GMT+0100,0.67332,0.67671,0.67257,0.67382,1438878.1135
16.10.2006,01:00:00GMT+0100,0.67388,0.67445,0.66882,0.67005,1432095.0938999997
23.10.2006,01:00:00GMT+0100,0.67013,0.67223,0.66924,0.67107,1418110.4005999998
30.10.2006,00:00:00,0.67100,0.67124,0.66695,0.66842,1417540.5997
06.11.2006,00:00:00,0.66843,0.67392,0.66811,0.67190,1422187.3184
13.11.2006,00:00:00,0.67185,0.67939,0.67167,0.67681,1432619.2188999997
20.11.2006,00:00:00,0.67675,0.67839,0.67435,0.67815,1418138.9064
27.11.2006,00:00:00,0.67814,0.67822,0.67149,0.67359,1419026.5254999998
04.12.2006,00:00:00,0.67362,0.67864,0.67204,0.67460,1456000.1679999998
11.12.2006,00:00:00,0.67459,0.67690,0.66920,0.66985,1444230.8809
18.12.2006,00:00:00,0.66983,0.67267,0.66918,0.67037,1433459.7696
25.12.2006,00:00:00,0.67015,0.67402,0.66339,0.67372,1496628.6055999997
01.01.2007,00:00:00,0.67368,0.67606,0.67216,0.67383,1492129.8867999997
08.01.2007,00:00:00,0.67351,0.67414,0.65893,0.65922,1447461.0254999998
15.01.2007,00:00:00,0.65927,0.66052,0.65522,0.65657,1424762.7813999997
22.01.2007,00:00:00,0.65655,0.66034,0.65347,0.65873,1424984.2441999998
29.01.2007,00:00:00,0.65870,0.66433,0.65813,0.65921,1406768.3908
05.02.2007,00:00:00,0.65922,0.66823,0.65725,0.66612,1434566.7559999998
12.02.2007,00:00:00,0.66623,0.67385,0.66454,0.67312,1446042.3809999998
19.02.2007,00:00:00,0.67311,0.67558,0.66893,0.67087,1409734.4903
26.02.2007,00:00:00,0.67081,0.68158,0.66991,0.68135,1420613.7129999998
05.03.2007,00:00:00,0.68137,0.68406,0.67721,0.67722,1437638.3691999998
12.03.2007,00:00:00,0.67713,0.68667,0.67700,0.68577,1497536.9845999996
19.03.2007,00:00:00,0.68575,0.68600,0.67656,0.67702,1463878.9259
26.03.2007,01:00:00GMT+0100,0.67701,0.68125,0.67530,0.67850,1390425.2911
02.04.2007,01:00:00GMT+0100,0.67860,0.68180,0.67470,0.68040,3023770.5996999997
09.04.2007,01:00:00GMT+0100,0.68040,0.68311,0.67770,0.68235,2224244.5938
16.04.2007,01:00:00GMT+0100,0.68235,0.68285,0.67530,0.67860,3039237.6016
23.04.2007,01:00:00GMT+0100,0.67870,0.68430,0.67735,0.68330,3016483.1954
30.04.2007,01:00:00GMT+0100,0.68330,0.68794,0.67970,0.68165,5182071.3008
07.05.2007,01:00:00GMT+0100,0.68165,0.68319,0.67793,0.68260,7468484.9141
14.05.2007,01:00:00GMT+0100,0.68260,0.68570,0.68195,0.68460,7673035.2266
21.05.2007,01:00:00GMT+0100,0.68460,0.68520,0.67555,0.67775,8240909.4766
28.05.2007,01:00:00GMT+0100,0.67785,0.68105,0.67655,0.67810,7639616.3516
04.06.2007,01:00:00GMT+0100,0.67810,0.68070,0.67675,0.67910,9152232.0234
11.06.2007,01:00:00GMT+0100,0.67910,0.67925,0.67290,0.67700,8207613.6992
18.06.2007,01:00:00GMT+0100,0.67700,0.67750,0.67115,0.67340,6742417.25
25.06.2007,01:00:00GMT+0100,0.67332,0.67500,0.67050,0.67400,8332416.0469
02.07.2007,01:00:00GMT+0100,0.67400,0.67832,0.67320,0.67722,8255517.0234
09.07.2007,01:00:00GMT+0100,0.67730,0.67965,0.67500,0.67730,9997003.6172
16.07.2007,01:00:00GMT+0100,0.67730,0.67765,0.67125,0.67280,8857202.7266
23.07.2007,01:00:00GMT+0100,0.67280,0.67470,0.66782,0.67430,8872717.375
30.07.2007,01:00:00GMT+0100,0.67430,0.67775,0.67195,0.67700,8205010.8438
06.08.2007,01:00:00GMT+0100,0.67700,0.68170,0.67440,0.67720,10632115.6484
13.08.2007,01:00:00GMT+0100,0.67720,0.68185,0.67460,0.68115,14293994.9531
20.08.2007,01:00:00GMT+0100,0.68115,0.68255,0.67550,0.67800,12163770.8516
27.08.2007,01:00:00GMT+0100,0.67800,0.68070,0.67480,0.67650,14208773
03.09.2007,01:00:00GMT+0100,0.67650,0.67975,0.67370,0.67905,9850303.2266
10.09.2007,01:00:00GMT+0100,0.67910,0.69193,0.67820,0.69075,9868835.3281
17.09.2007,01:00:00GMT+0100,0.69075,0.70190,0.69030,0.69728,9160663.9766
24.09.2007,01:00:00GMT+0100,0.69730,0.70280,0.69505,0.69770,11612282
01.10.2007,01:00:00GMT+0100,0.69770,0.69780,0.69090,0.69265,9373541.9688
08.10.2007,01:00:00GMT+0100,0.69265,0.70075,0.68930,0.69630,9024818.1563
15.10.2007,01:00:00GMT+0100,0.69630,0.70015,0.69480,0.69925,8999627.9531
22.10.2007,01:00:00GMT+0100,0.69925,0.70336,0.69355,0.70145,7409072.0938
29.10.2007,00:00:00,0.70145,0.70190,0.69190,0.69460,7882629.3984
05.11.2007,00:00:00,0.69460,0.70470,0.69345,0.70260,9177517.1563
12.11.2007,00:00:00,0.70260,0.71705,0.70075,0.71400,12261957.5469
19.11.2007,00:00:00,0.71405,0.72295,0.71255,0.71875,10832088.75
26.11.2007,00:00:00,0.71875,0.71960,0.71014,0.71235,9472230.5313
03.12.2007,00:00:00,0.71235,0.72390,0.70885,0.72065,5702620.1563
10.12.2007,00:00:00,0.72065,0.72160,0.71342,0.71480,7209550.125
17.12.2007,00:00:00,0.71480,0.72550,0.71120,0.72470,4720765.1875
24.12.2007,00:00:00,0.72465,0.73936,0.72460,0.73735,4845295.3126
31.12.2007,00:00:00,0.73735,0.74915,0.73195,0.74790,13530360.1563
07.01.2008,00:00:00,0.74785,0.75860,0.74205,0.75550,7100898.625
14.01.2008,00:00:00,0.75550,0.76135,0.74150,0.74565,12118292.8516
21.01.2008,00:00:00,0.74565,0.74900,0.73900,0.73940,8073700.7188
28.01.2008,00:00:00,0.73940,0.75440,0.73940,0.75310,14850859.75
04.02.2008,00:00:00,0.75310,0.75430,0.74250,0.74625,3053304.8671999997
11.02.2008,00:00:00,0.74625,0.75080,0.74035,0.74915,1423088.7032999997
18.02.2008,00:00:00,0.74915,0.75805,0.74780,0.75325,3230145.7383999997
25.02.2008,00:00:00,0.75325,0.76780,0.75145,0.76585,9024514
03.03.2008,00:00:00,0.76585,0.76915,0.76000,0.76235,8246109.0625
10.03.2008,00:00:00,0.76235,0.78080,0.75955,0.77970,7458600.0781
17.03.2008,00:00:00,0.77975,0.79110,0.77590,0.77845,4643467.2501
24.03.2008,00:00:00,0.77845,0.79290,0.77450,0.79105,3293256.125
31.03.2008,01:00:00GMT+0100,0.79105,0.79815,0.78230,0.78910,4956538.7188
07.04.2008,01:00:00GMT+0100,0.78910,0.80375,0.78665,0.79860,4775459.4375
14.04.2008,01:00:00GMT+0100,0.79860,0.80975,0.78750,0.79100,4178668.7813999997
21.04.2008,01:00:00GMT+0100,0.79100,0.80500,0.78510,0.78740,4447033.097700001
28.04.2008,01:00:00GMT+0100,0.78740,0.79470,0.77650,0.78200,1058911.6914
05.05.2008,01:00:00GMT+0100,0.78200,0.79491,0.78165,0.79230,1223317.0841
12.05.2008,01:00:00GMT+0100,0.79230,0.79870,0.78770,0.79600,982711.0312999999
19.05.2008,01:00:00GMT+0100,0.79600,0.80340,0.79255,0.79650,1062636.2189
26.05.2008,01:00:00GMT+0100,0.79650,0.79840,0.78340,0.78800,852899.6407
02.06.2008,01:00:00GMT+0100,0.78800,0.80255,0.78550,0.80060,342201.66500000004
09.06.2008,01:00:00GMT+0100,0.80060,0.80335,0.78700,0.78940,1050115.836
16.06.2008,01:00:00GMT+0100,0.78940,0.79550,0.78485,0.79005,2220190.0859999997
23.06.2008,01:00:00GMT+0100,0.79000,0.79500,0.78910,0.79175,1944158.9316999998
30.06.2008,01:00:00GMT+0100,0.79175,0.80015,0.78700,0.79180,1876013.3282999997
07.07.2008,01:00:00GMT+0100,0.79180,0.80255,0.79010,0.80090,1298059.5352999999
14.07.2008,01:00:00GMT+0100,0.80090,0.80170,0.79070,0.79440,846960.0567000001
21.07.2008,01:00:00GMT+0100,0.79440,0.79745,0.78400,0.78940,839211.129
28.07.2008,01:00:00GMT+0100,0.78940,0.79320,0.78455,0.78820,726183.0967000001
04.08.2008,01:00:00GMT+0100,0.78820,0.79455,0.77920,0.78020,1374655.6193
11.08.2008,01:00:00GMT+0100,0.78020,0.79910,0.77940,0.78755,1564485.7559
18.08.2008,01:00:00GMT+0100,0.78755,0.79926,0.78705,0.79865,1137646.6593
25.08.2008,01:00:00GMT+0100,0.79865,0.81370,0.79390,0.81115,1173197.1797
01.09.2008,01:00:00GMT+0100,0.81115,0.81870,0.80220,0.80570,1804225.7813
08.09.2008,01:00:00GMT+0100,0.80560,0.80780,0.79074,0.79595,2004892.6992999997
15.09.2008,01:00:00GMT+0100,0.79600,0.80075,0.78480,0.79055,3580282.3282
22.09.2008,01:00:00GMT+0100,0.79055,0.79790,0.78845,0.79405,2127901.8907999997
29.09.2008,01:00:00GMT+0100,0.79405,0.80230,0.77150,0.77260,2858567.1719
06.10.2008,01:00:00GMT+0100,0.77275,0.80705,0.77010,0.79335,50285738.625
13.10.2008,01:00:00GMT+0100,0.79335,0.79682,0.77343,0.77595,99916812.6875
20.10.2008,01:00:00GMT+0100,0.77595,0.81935,0.76930,0.79585,66470745.9375
27.10.2008,00:00:00,0.79585,0.81230,0.78080,0.79240,6990562.3593999995
03.11.2008,00:00:00,0.79240,0.81920,0.78405,0.81175,1712086.2461999997
10.11.2008,00:00:00,0.81175,0.86625,0.81060,0.85365,917931.1778
17.11.2008,00:00:00,0.85360,0.85685,0.83335,0.84645,1253356.3878000001
24.11.2008,00:00:00,0.84645,0.85680,0.82346,0.82490,1625101.6191999998
01.12.2008,00:00:00,0.82510,0.87245,0.82420,0.86560,2132353.2443
08.12.2008,00:00:00,0.86560,0.89970,0.85775,0.89650,2068155.9375999998
15.12.2008,00:00:00,0.89650,0.95550,0.88850,0.93330,1865863.1934
22.12.2008,00:00:00,0.93340,0.96245,0.92092,0.96190,882154.7929000001
29.12.2008,00:00:00,0.96190,0.98030,0.94345,0.96025,1054039.4249
05.01.2009,00:00:00,0.96025,0.96315,0.88370,0.88940,1216922.2032
12.01.2009,00:00:00,0.88940,0.91270,0.88435,0.89755,1751838.2012
19.01.2009,00:00:00,0.89755,0.95030,0.89620,0.94675,2337549.9805
26.01.2009,00:00:00,0.94675,0.95180,0.87795,0.88600,2493904.6955
02.02.2009,00:00:00,0.88605,0.90830,0.86625,0.87450,2153116.4884999995
09.02.2009,00:00:00,0.87435,0.90720,0.86360,0.89805,2884448.625
16.02.2009,00:00:00,0.89805,0.90100,0.87715,0.88930,2477009.8516
23.02.2009,00:00:00,0.88930,0.89795,0.87270,0.88495,2193266.4688
02.03.2009,00:00:00,0.88495,0.90110,0.88100,0.89770,1801208.8497
09.03.2009,00:00:00,0.89770,0.93190,0.89510,0.92270,2363774.9942
16.03.2009,00:00:00,0.92265,0.94940,0.91450,0.94145,2134556.4512
23.03.2009,00:00:00,0.94145,0.94220,0.91575,0.92895,1849593.1748
30.03.2009,01:00:00GMT+0100,0.92900,0.93400,0.90400,0.90940,1730502.5313999997
06.04.2009,01:00:00GMT+0100,0.90940,0.91140,0.89513,0.89910,1374485.0821999998
13.04.2009,01:00:00GMT+0100,0.89910,0.90205,0.87860,0.88040,1401892.7754999998
20.04.2009,01:00:00GMT+0100,0.88055,0.90810,0.87940,0.90250,1565825.8185999999
27.04.2009,01:00:00GMT+0100,0.90250,0.90550,0.88746,0.88938,1578416.5197
04.05.2009,01:00:00GMT+0100,0.88910,0.89758,0.87635,0.89585,1577966.3127
11.05.2009,01:00:00GMT+0100,0.89580,0.90365,0.88625,0.88800,1647182.711
18.05.2009,01:00:00GMT+0100,0.88800,0.88930,0.87220,0.88135,1547396.0156999999
25.05.2009,01:00:00GMT+0100,0.88120,0.88220,0.86530,0.87180,1460134.4884
01.06.2009,01:00:00GMT+0100,0.87180,0.88670,0.85755,0.87505,1762610.0938
08.06.2009,01:00:00GMT+0100,0.87505,0.87955,0.84810,0.85095,1830031.3184999998
15.06.2009,01:00:00GMT+0100,0.85102,0.86036,0.84186,0.84550,592239.9014000001
22.06.2009,01:00:00GMT+0100,0.84550,0.85980,0.84000,0.85190,1598093.2305999997
29.06.2009,01:00:00GMT+0100,0.85180,0.86290,0.84360,0.85605,1500131.8946
06.07.2009,01:00:00GMT+0100,0.85605,0.86715,0.85365,0.86265,3380807.6875
13.07.2009,01:00:00GMT+0100,0.86265,0.86985,0.85500,0.86330,3866104.8047
20.07.2009,01:00:00GMT+0100,0.86320,0.86910,0.85712,0.86495,3866534.3516
27.07.2009,01:00:00GMT+0100,0.86495,0.86855,0.85025,0.85250,3934501.4453
03.08.2009,01:00:00GMT+0100,0.85250,0.85930,0.84550,0.85060,3831822.0079
10.08.2009,01:00:00GMT+0100,0.85055,0.86540,0.84920,0.86015,2143931.7188
17.08.2009,01:00:00GMT+0100,0.86010,0.86990,0.85230,0.86835,2006681.4492999997
24.08.2009,01:00:00GMT+0100,0.86830,0.88385,0.86575,0.87915,2708843.0117
31.08.2009,01:00:00GMT+0100,0.87915,0.88345,0.87050,0.87230,2731988.4296999997
07.09.2009,01:00:00GMT+0100,0.87230,0.88270,0.87225,0.87520,2406351.8242
14.09.2009,01:00:00GMT+0100,0.87510,0.90645,0.87445,0.90470,2496789.1193
21.09.2009,01:00:00GMT+0100,0.90470,0.93000,0.89835,0.92730,2390895.2421999997
28.09.2009,01:00:00GMT+0100,0.92730,0.92765,0.90765,0.91625,2934443.3438
05.10.2009,01:00:00GMT+0100,0.91625,0.92975,0.91395,0.92880,2932359.9063
12.10.2009,01:00:00GMT+0100,0.92880,0.94110,0.90930,0.91065,2954958.3242
19.10.2009,01:00:00GMT+0100,0.91065,0.92160,0.89970,0.92130,3126990.7109
26.10.2009,00:00:00,0.92125,0.92395,0.89115,0.89585,3127980.625
02.11.2009,00:00:00,0.89585,0.90605,0.89154,0.89385,3311260.3984
09.11.2009,00:00:00,0.89385,0.90645,0.88970,0.89415,3491631.7266
16.11.2009,00:00:00,0.89405,0.90185,0.88335,0.90090,3220679.5625
23.11.2009,00:00:00,0.90095,0.91335,0.89775,0.90885,2797961.6563
30.11.2009,00:00:00,0.90885,0.91535,0.89905,0.90275,3082498.5859
07.12.2009,00:00:00,0.90270,0.90950,0.89805,0.90100,3689217.3359
14.12.2009,00:00:00,0.90105,0.90485,0.88510,0.88840,3329808.1641
21.12.2009,00:00:00,0.88835,0.90407,0.88610,0.90110,2493781.1445999998
28.12.2009,00:00:00,0.90110,0.90545,0.88495,0.88685,2022614.8829999997
04.01.2010,00:00:00,0.88685,0.90260,0.88560,0.89895,3332598.9766
11.01.2010,00:00:00,0.89900,0.90275,0.88090,0.88200,2920892.6407
18.01.2010,00:00:00,0.88200,0.88325,0.86505,0.87815,3017904.3046999997
25.01.2010,00:00:00,0.87815,0.87940,0.86020,0.86855,2818210.625
01.02.2010,00:00:00,0.86860,0.87690,0.86820,0.87435,2467140.6719
08.02.2010,00:00:00,0.87435,0.88405,0.86570,0.86950,2324545.4922999996
15.02.2010,00:00:00,0.86950,0.88158,0.86635,0.88095,1872189.6875999998
22.02.2010,00:00:00,0.88095,0.89990,0.87485,0.89835,1911211.551
01.03.2010,00:00:00,0.89835,0.91495,0.89660,0.90045,2025906.2579999997
08.03.2010,00:00:00,0.90045,0.91330,0.89955,0.90630,2202554.2969
15.03.2010,00:00:00,0.90635,0.91295,0.89150,0.90115,2314941.4883999997
22.03.2010,00:00:00,0.90115,0.90445,0.88865,0.90140,2448381.3127
29.03.2010,01:00:00GMT+0100,0.90145,0.90160,0.88154,0.88440,1902230.6211999997
05.04.2010,01:00:00GMT+0100,0.88435,0.88595,0.87050,0.88470,2075394.1877
12.04.2010,01:00:00GMT+0100,0.88470,0.88640,0.87455,0.88155,2004504.4141999998
19.04.2010,01:00:00GMT+0100,0.88150,0.88430,0.86070,0.86835,2292988.9454
26.04.2010,01:00:00GMT+0100,0.86835,0.87335,0.86030,0.87000,2562888.1796999997
03.05.2010,01:00:00GMT+0100,0.87000,0.88075,0.84275,0.86895,2708093.9296999997
10.05.2010,01:00:00GMT+0100,0.86890,0.87495,0.84445,0.85350,2853123.3595
17.05.2010,01:00:00GMT+0100,0.85355,0.87730,0.84910,0.86615,2480602.3595999996
24.05.2010,01:00:00GMT+0100,0.86625,0.86700,0.84220,0.84950,3028551.1796999997
31.05.2010,01:00:00GMT+0100,0.84945,0.85230,0.82501,0.82705,2281175.4219
07.06.2010,01:00:00GMT+0100,0.82700,0.83575,0.82100,0.83510,2332547.3907999997
14.06.2010,01:00:00GMT+0100,0.83510,0.84158,0.82615,0.83660,2073966.1877999997
21.06.2010,01:00:00GMT+0100,0.83660,0.83795,0.81800,0.82325,1935889.711
28.06.2010,01:00:00GMT+0100,0.82325,0.82985,0.80670,0.82595,2107170.5859
05.07.2010,01:00:00GMT+0100,0.82600,0.83975,0.82515,0.83830,2300874.6171999997
12.07.2010,01:00:00GMT+0100,0.83830,0.84610,0.83155,0.84285,2718661.6876
19.07.2010,01:00:00GMT+0100,0.84280,0.85315,0.83170,0.83660,2442126.8282999997
26.07.2010,01:00:00GMT+0100,0.83660,0.84155,0.82970,0.83120,2616507.7344
02.08.2010,01:00:00GMT+0100,0.83120,0.83370,0.82540,0.83205,2136929.8907999997
09.08.2010,01:00:00GMT+0100,0.83205,0.83620,0.81619,0.81840,2385676.5313999997
16.08.2010,01:00:00GMT+0100,0.81840,0.82820,0.81630,0.81645,2414269.1016
23.08.2010,01:00:00GMT+0100,0.81645,0.82360,0.81415,0.82060,2425908.8594
30.08.2010,01:00:00GMT+0100,0.82060,0.83551,0.81615,0.83400,1914734.2032999997
06.09.2010,01:00:00GMT+0100,0.83395,0.83895,0.82015,0.82860,2358153.8594
13.09.2010,01:00:00GMT+0100,0.82860,0.84025,0.82730,0.83375,1913738.3321999998
20.09.2010,01:00:00GMT+0100,0.83375,0.85770,0.83355,0.85155,1652961.4746
27.09.2010,01:00:00GMT+0100,0.85160,0.87538,0.84660,0.87065,2064407.9884
04.10.2010,01:00:00GMT+0100,0.87065,0.88045,0.86265,0.87700,1623288.3047999998
11.10.2010,01:00:00GMT+0100,0.87700,0.88390,0.86980,0.87220,1862206.2501999997
18.10.2010,01:00:00GMT+0100,0.87220,0.89328,0.87050,0.89012,1921122.1797999998
25.10.2010,01:00:00GMT+0100,0.89013,0.89412,0.86697,0.87078,490563.89660000004
01.11.2010,00:00:00,0.87078,0.88173,0.86517,0.86839,437150.2032
08.11.2010,00:00:00,0.86845,0.86908,0.84491,0.84868,434041.7999
15.11.2010,00:00:00,0.84873,0.85881,0.84529,0.85865,254093.2993
22.11.2010,00:00:00,0.85865,0.85946,0.84203,0.84897,251484.59610000002
29.11.2010,00:00:00,0.84901,0.85254,0.83340,0.85073,802522.2990000001
06.12.2010,00:00:00,0.85073,0.85100,0.83432,0.83550,739979.0099000001
13.12.2010,00:00:00,0.83549,0.85526,0.83455,0.84848,852982.1113
20.12.2010,00:00:00,0.84848,0.85253,0.84457,0.84870,590844.3290999999
27.12.2010,00:00:00,0.84873,0.86476,0.84853,0.85764,530922.1837
03.01.2011,00:00:00,0.85765,0.86448,0.82912,0.82960,848536.5155999999
10.01.2011,00:00:00,0.82960,0.84983,0.82845,0.84243,855578.1291
17.01.2011,00:00:00,0.84243,0.85278,0.83307,0.85144,864270.0058
24.01.2011,00:00:00,0.85144,0.86716,0.84919,0.85738,841644.1523000001
31.01.2011,00:00:00,0.85738,0.86186,0.84158,0.84306,863622.5195
07.02.2011,00:00:00,0.84306,0.85288,0.83886,0.84427,765015.4571000001
14.02.2011,00:00:00,0.84430,0.84493,0.83556,0.84381,894611.9699
21.02.2011,00:00:00,0.84380,0.85931,0.83831,0.85312,862232.4102000002
28.02.2011,00:00:00,0.85311,0.86063,0.84600,0.86004,777258.795
07.03.2011,00:00:00,0.86004,0.86857,0.85331,0.86711,788721.9317000001
14.03.2011,00:00:00,0.86711,0.87609,0.86253,0.87340,1014854.1464000001
21.03.2011,00:00:00,0.87343,0.88108,0.86539,0.87646,774368.7442000001
28.03.2011,01:00:00GMT+0100,0.87646,0.88525,0.87523,0.88279,771202.2804
04.04.2011,01:00:00GMT+0100,0.88276,0.88435,0.87137,0.88324,704708.3985
11.04.2011,01:00:00GMT+0100,0.88324,0.89229,0.87920,0.88231,720609.709
18.04.2011,01:00:00GMT+0100,0.88231,0.88778,0.87404,0.88141,741829.6369
25.04.2011,01:00:00GMT+0100,0.88144,0.89368,0.88070,0.88730,753392.8829
02.05.2011,01:00:00GMT+0100,0.88730,0.90418,0.87414,0.87884,964671.9775
09.05.2011,01:00:00GMT+0100,0.87884,0.88173,0.86729,0.86965,1075804.5732999998
16.05.2011,01:00:00GMT+0100,0.86963,0.88446,0.86814,0.86980,995781.0977
23.05.2011,01:00:00GMT+0100,0.86981,0.87516,0.86105,0.86676,1009212.5177000001
30.05.2011,01:00:00GMT+0100,0.86676,0.89228,0.86563,0.89045,837722.4591
06.06.2011,01:00:00GMT+0100,0.89050,0.89758,0.88103,0.88320,864067.5235
13.06.2011,01:00:00GMT+0100,0.88319,0.88541,0.87206,0.88253,917733.209
20.06.2011,01:00:00GMT+0100,0.88253,0.89525,0.87897,0.88719,898335.9404999999
27.06.2011,01:00:00GMT+0100,0.88724,0.90828,0.88581,0.90588,954566.2599
04.07.2011,01:00:00GMT+0100,0.90590,0.90604,0.88611,0.88661,852732.082
11.07.2011,01:00:00GMT+0100,0.88658,0.88911,0.87450,0.87630,1102009.4199
18.07.2011,01:00:00GMT+0100,0.87630,0.88538,0.87050,0.88142,958651.2714999999
25.07.2011,01:00:00GMT+0100,0.88142,0.88830,0.87338,0.87450,956168.1855
01.08.2011,01:00:00GMT+0100,0.87451,0.88046,0.86427,0.87118,1182211.082
08.08.2011,01:00:00GMT+0100,0.87119,0.88854,0.86618,0.87709,1265833.3096
15.08.2011,01:00:00GMT+0100,0.87709,0.88296,0.86532,0.87196,1020098.3907
22.08.2011,01:00:00GMT+0100,0.87197,0.88776,0.86959,0.88573,771495.9512
29.08.2011,01:00:00GMT+0100,0.88574,0.88842,0.87374,0.87520,703154.8417999999
05.09.2011,01:00:00GMT+0100,0.87520,0.88419,0.85618,0.85661,833583.3105
12.09.2011,01:00:00GMT+0100,0.85660,0.87894,0.85286,0.87085,930918.2109000001
19.09.2011,01:00:00GMT+0100,0.87087,0.87945,0.86705,0.87336,1010177.8243
26.09.2011,01:00:00GMT+0100,0.87336,0.87391,0.85607,0.85776,1019159.7618
03.10.2011,01:00:00GMT+0100,0.85777,0.87334,0.85294,0.86164,1010943.2265000001
10.10.2011,01:00:00GMT+0100,0.86167,0.87864,0.86137,0.87703,904206.4395999999
17.10.2011,01:00:00GMT+0100,0.87703,0.87962,0.86693,0.86880,929138.1524000001
24.10.2011,01:00:00GMT+0100,0.86879,0.88302,0.86723,0.87752,884370.8822000001
31.10.2011,00:00:00,0.87750,0.87837,0.85479,0.85979,1060076.3907
07.11.2011,00:00:00,0.85979,0.86075,0.84853,0.85741,909809.3536
14.11.2011,00:00:00,0.85740,0.86019,0.85180,0.85796,870952.7499000002
21.11.2011,00:00:00,0.85794,0.86644,0.85451,0.85934,761239.1934999999
28.11.2011,00:00:00,0.85936,0.86178,0.85202,0.85963,808077.3809999999
05.12.2011,00:00:00,0.85964,0.86129,0.84952,0.85412,781490.1484
12.12.2011,00:00:00,0.85412,0.85543,0.83728,0.83981,828480.135
19.12.2011,00:00:00,0.83981,0.84163,0.83024,0.83622,689210.0008
26.12.2011,00:00:00,0.83601,0.84214,0.83259,0.83426,447607.4635
02.01.2012,00:00:00,0.83426,0.83718,0.82212,0.82231,631726.3516
09.01.2012,00:00:00,0.82231,0.83761,0.82231,0.82649,807111.6201000002
16.01.2012,00:00:00,0.82648,0.83779,0.82545,0.82910,770147.1152
23.01.2012,00:00:00,0.82907,0.84079,0.82871,0.83999,799468.1846
30.01.2012,00:00:00,0.83999,0.84005,0.82753,0.83053,878711.5040000001
06.02.2012,00:00:00,0.83054,0.84061,0.82641,0.83916,780500.8517000001
13.02.2012,00:00:00,0.83916,0.84018,0.82768,0.83342,748317.2812000001
20.02.2012,00:00:00,0.83341,0.85054,0.83150,0.84779,664214.1973000001
27.02.2012,00:00:00,0.84776,0.84895,0.83134,0.83283,729537.9434
05.03.2012,00:00:00,0.83282,0.83983,0.83186,0.83750,634226.2922
12.03.2012,00:00:00,0.83750,0.84232,0.82930,0.83204,628609.0928
19.03.2012,00:00:00,0.83205,0.83711,0.82831,0.83654,632435.3036999999
26.03.2012,01:00:00GMT+0100,0.83647,0.83948,0.83241,0.83415,686542.4063
02.04.2012,01:00:00GMT+0100,0.83417,0.83575,0.82320,0.82415,589905.1845
09.04.2012,01:00:00GMT+0100,0.82413,0.82765,0.82262,0.82352,661299.7091
16.04.2012,01:00:00GMT+0100,0.82355,0.82684,0.81616,0.81868,722896.0108
23.04.2012,01:00:00GMT+0100,0.81868,0.82213,0.81296,0.81322,682948.0889
30.04.2012,01:00:00GMT+0100,0.81322,0.81976,0.80346,0.80404,616261.4902
07.05.2012,01:00:00GMT+0100,0.80404,0.80789,0.79954,0.80232,731889.2002000001
14.05.2012,01:00:00GMT+0100,0.80232,0.80818,0.79500,0.80764,689071.5058
21.05.2012,01:00:00GMT+0100,0.80764,0.81015,0.79796,0.80140,703779.5937000001
28.05.2012,01:00:00GMT+0100,0.80140,0.80950,0.79710,0.80773,662744.8398999999
04.06.2012,01:00:00GMT+0100,0.80774,0.81573,0.80502,0.81388,660178.0830000001
11.06.2012,01:00:00GMT+0100,0.81387,0.81527,0.80114,0.80839,705569.2422
18.06.2012,01:00:00GMT+0100,0.80839,0.80996,0.80220,0.80457,714179.7872
25.06.2012,01:00:00GMT+0100,0.80458,0.80940,0.79841,0.80708,651353.3466999999
02.07.2012,01:00:00GMT+0100,0.80704,0.80770,0.79031,0.79263,623328.8926
09.07.2012,01:00:00GMT+0100,0.79263,0.79479,0.78563,0.78596,657113.8165
16.07.2012,01:00:00GMT+0100,0.78595,0.78751,0.77517,0.77692,666399.5939000001
23.07.2012,01:00:00GMT+0100,0.77692,0.78728,0.77640,0.78228,708956.1705
30.07.2012,01:00:00GMT+0100,0.78228,0.79441,0.77902,0.79385,632609.3807999999
06.08.2012,01:00:00GMT+0100,0.79388,0.79625,0.78277,0.78348,514853.2998
13.08.2012,01:00:00GMT+0100,0.78346,0.78840,0.78122,0.78601,489290.7354
20.08.2012,01:00:00GMT+0100,0.78601,0.79329,0.78328,0.79137,615906.5725
27.08.2012,01:00:00GMT+0100,0.79137,0.79559,0.79009,0.79242,552262.0098
03.09.2012,01:00:00GMT+0100,0.79242,0.80066,0.78869,0.79932,601646.8506
10.09.2012,01:00:00GMT+0100,0.79932,0.81143,0.79667,0.80827,651561.0079000001
17.09.2012,01:00:00GMT+0100,0.80827,0.81012,0.79745,0.79886,624286.2744000001
24.09.2012,01:00:00GMT+0100,0.79886,0.79961,0.79228,0.79438,613459.8038
01.10.2012,01:00:00GMT+0100,0.79438,0.80798,0.79430,0.80655,619609.126
08.10.2012,01:00:00GMT+0100,0.80655,0.80988,0.80225,0.80545,582150.9836
15.10.2012,01:00:00GMT+0100,0.80545,0.81463,0.80397,0.81393,638580.6426
22.10.2012,01:00:00GMT+0100,0.81393,0.81641,0.80016,0.80323,657364.0949
29.10.2012,00:00:00,0.80322,0.80750,0.79960,0.80041,574967.5001
05.11.2012,00:00:00,0.80041,0.80304,0.79603,0.80036,706437.2021
12.11.2012,00:00:00,0.80036,0.80643,0.79697,0.80247,579501.3809
19.11.2012,00:00:00,0.80247,0.81082,0.80054,0.80920,516031.36329999997
26.11.2012,00:00:00,0.80918,0.81320,0.80594,0.81103,541147.716
03.12.2012,00:00:00,0.81100,0.81469,0.80305,0.80482,532573.5332
10.12.2012,00:00:00,0.80482,0.81530,0.80350,0.81393,482658.4385
17.12.2012,00:00:00,0.81395,0.81680,0.81120,0.81592,510804.4854
24.12.2012,00:00:00,0.81593,0.82246,0.81485,0.81830,345327.60980000003
31.12.2012,00:00:00,0.81831,0.81861,0.80851,0.81326,449887.9393
07.01.2013,00:00:00,0.81324,0.82869,0.81046,0.82844,557495.1124
14.01.2013,00:00:00,0.82844,0.84053,0.82654,0.83988,666474.4932000001
21.01.2013,00:00:00,0.83988,0.85428,0.83639,0.85352,615617.7808000001
28.01.2013,00:00:00,0.85352,0.87084,0.85276,0.86896,648008.2872
04.02.2013,00:00:00,0.86895,0.86931,0.84462,0.84592,690832.9458999999
11.02.2013,00:00:00,0.84592,0.86835,0.84569,0.86180,638596.2383000001
18.02.2013,00:00:00,0.86176,0.87663,0.86000,0.87384,634175.7315
25.02.2013,00:00:00,0.87380,0.88148,0.85758,0.86578,875445.6427
04.03.2013,00:00:00,0.86578,0.87423,0.85875,0.87113,685993.1743000001
11.03.2013,00:00:00,0.87112,0.87934,0.85291,0.85347,639263.6777
18.03.2013,00:00:00,0.85346,0.86008,0.84841,0.85414,805963.6505000001
25.03.2013,00:00:00,0.85411,0.85608,0.84150,0.84264,695325.9473
01.04.2013,01:00:00GMT+0100,0.84262,0.85209,0.84102,0.84632,730918.8203
08.04.2013,01:00:00GMT+0100,0.84630,0.85600,0.84627,0.85298,757067.8418
15.04.2013,01:00:00GMT+0100,0.85298,0.86364,0.85031,0.85758,930028.0236
22.04.2013,01:00:00GMT+0100,0.85759,0.85897,0.83974,0.84179,839027.0196000001
29.04.2013,01:00:00GMT+0100,0.84181,0.84971,0.84040,0.84234,723411.0645
06.05.2013,01:00:00GMT+0100,0.84234,0.84884,0.84000,0.84502,699099.1476
13.05.2013,01:00:00GMT+0100,0.84502,0.85160,0.84202,0.84546,842251.9112
20.05.2013,01:00:00GMT+0100,0.84544,0.85969,0.84397,0.85496,871706.7637
27.05.2013,01:00:00GMT+0100,0.85496,0.85981,0.85280,0.85445,766651.1288
03.06.2013,01:00:00GMT+0100,0.85446,0.85582,0.84759,0.85032,873853.7314
10.06.2013,01:00:00GMT+0100,0.85032,0.85508,0.84680,0.84890,806656.8154999999
17.06.2013,01:00:00GMT+0100,0.84883,0.85904,0.84750,0.85172,784280.4736
24.06.2013,01:00:00GMT+0100,0.85170,0.85899,0.84687,0.85524,770095.5342
01.07.2013,01:00:00GMT+0100,0.85521,0.86322,0.84817,0.86221,683637.5697999999
08.07.2013,01:00:00GMT+0100,0.86221,0.86923,0.85747,0.86436,767194.6423000001
15.07.2013,01:00:00GMT+0100,0.86435,0.87104,0.85893,0.86082,692911.939
22.07.2013,01:00:00GMT+0100,0.86081,0.86433,0.85817,0.86313,655226.7174
29.07.2013,01:00:00GMT+0100,0.86312,0.87687,0.86208,0.86849,986924.0186999999
05.08.2013,01:00:00GMT+0100,0.86846,0.87306,0.85783,0.85967,580594.8506
12.08.2013,01:00:00GMT+0100,0.85967,0.86095,0.85049,0.85299,510001.1193000001
19.08.2013,01:00:00GMT+0100,0.85299,0.86028,0.85089,0.85920,514370.54819999996
26.08.2013,01:00:00GMT+0100,0.85918,0.86512,0.85026,0.85105,492620.94130000006
02.09.2013,01:00:00GMT+0100,0.85104,0.85120,0.83919,0.84255,470680.63039999997
09.09.2013,01:00:00GMT+0100,0.84254,0.84529,0.83563,0.83820,450194.5723
16.09.2013,01:00:00GMT+0100,0.83820,0.84632,0.83520,0.84493,500580.2159
23.09.2013,01:00:00GMT+0100,0.84493,0.84511,0.83440,0.83458,441646.8897
30.09.2013,01:00:00GMT+0100,0.83459,0.84753,0.83323,0.84589,521934.72650000005
07.10.2013,01:00:00GMT+0100,0.84589,0.85092,0.84245,0.84894,372074.7931
14.10.2013,01:00:00GMT+0100,0.84893,0.84959,0.84297,0.84603,398503.8864000001
21.10.2013,01:00:00GMT+0100,0.84602,0.85548,0.84505,0.85353,391128.1689
28.10.2013,00:00:00,0.85353,0.85846,0.84444,0.84733,464858.628
04.11.2013,00:00:00,0.84732,0.84766,0.83000,0.83398,462568.93200000003
11.11.2013,00:00:00,0.83398,0.84631,0.83390,0.83670,502493.9779
18.11.2013,00:00:00,0.83669,0.84141,0.83165,0.83479,522540.4734000001
25.11.2013,00:00:00,0.83481,0.83905,0.82934,0.82942,478974.6273
02.12.2013,00:00:00,0.82942,0.83955,0.82520,0.83951,552406.4277
09.12.2013,00:00:00,0.83950,0.84403,0.83500,0.84283,324190.1282
16.12.2013,00:00:00,0.84285,0.84664,0.83306,0.83759,332745.31299999997
23.12.2013,00:00:00,0.83758,0.83920,0.83294,0.83431,214671.1534
30.12.2013,00:00:00,0.83428,0.83731,0.82700,0.82836,300320.3834
06.01.2014,00:00:00,0.82835,0.83315,0.82304,0.82886,351145.0638
13.01.2014,00:00:00,0.82885,0.83483,0.82336,0.82390,335642.1426
20.01.2014,00:00:00,0.82392,0.83056,0.81681,0.82984,337421.2423
27.01.2014,00:00:00,0.82983,0.83024,0.81880,0.82051,393992.5901
03.02.2014,00:00:00,0.82049,0.83497,0.82022,0.82994,367877.9844
10.02.2014,00:00:00,0.82994,0.83370,0.81725,0.81746,336527.7855
17.02.2014,00:00:00,0.81743,0.82675,0.81574,0.82596,348598.17819999997
24.02.2014,00:00:00,0.82596,0.82863,0.81905,0.82308,346468.5718
03.03.2014,00:00:00,0.82308,0.83009,0.82038,0.82947,337584.91149999993
10.03.2014,00:00:00,0.82946,0.83802,0.82916,0.83581,324126.4106
17.03.2014,00:00:00,0.83582,0.83998,0.83286,0.83647,303310.5077
24.03.2014,00:00:00,0.83646,0.83932,0.82456,0.82613,323033.8814
31.03.2014,01:00:00GMT+0100,0.82616,0.83143,0.82496,0.82654,298390.2809
07.04.2014,01:00:00GMT+0100,0.82654,0.83098,0.82310,0.82770,340393.86370000005
14.04.2014,01:00:00GMT+0100,0.82770,0.82840,0.82146,0.82301,312582.7169
21.04.2014,01:00:00GMT+0100,0.82301,0.82460,0.81978,0.82350,286800.71630000003
28.04.2014,01:00:00GMT+0100,0.82349,0.82586,0.81960,0.82183,337081.791
05.05.2014,01:00:00GMT+0100,0.82182,0.82482,0.81600,0.81616,320407.8118
12.05.2014,01:00:00GMT+0100,0.81616,0.81829,0.81265,0.81445,319592.7756
19.05.2014,01:00:00GMT+0100,0.81445,0.81580,0.80814,0.80956,307780.59459999995
26.05.2014,01:00:00GMT+0100,0.80956,0.81524,0.80849,0.81334,301331.3643
02.06.2014,01:00:00GMT+0100,0.81333,0.81496,0.80645,0.81197,392912.42730000004
09.06.2014,01:00:00GMT+0100,0.81197,0.81220,0.79696,0.79728,399667.3677
16.06.2014,01:00:00GMT+0100,0.79726,0.80248,0.79589,0.79846,382955.5415
23.06.2014,01:00:00GMT+0100,0.79846,0.80335,0.79768,0.80087,375348.9901
30.06.2014,01:00:00GMT+0100,0.80087,0.80273,0.79181,0.79214,355736.5401
07.07.2014,01:00:00GMT+0100,0.79211,0.79683,0.79147,0.79440,354631.7531
14.07.2014,01:00:00GMT+0100,0.79441,0.79804,0.78885,0.79172,396589.8585
21.07.2014,01:00:00GMT+0100,0.79171,0.79391,0.78738,0.79074,359398.8621
28.07.2014,01:00:00GMT+0100,0.79075,0.79844,0.79039,0.79802,401932.54630000005
04.08.2014,01:00:00GMT+0100,0.79802,0.79971,0.79156,0.79897,404854.1162
11.08.2014,01:00:00GMT+0100,0.79897,0.80359,0.79210,0.80086,386706.69020000007
18.08.2014,01:00:00GMT+0100,0.80086,0.80276,0.79697,0.79742,392273.35750000004
25.08.2014,01:00:00GMT+0100,0.79742,0.79784,0.79083,0.79117,411906.45290000003
01.09.2014,01:00:00GMT+0100,0.79118,0.80120,0.78913,0.79879,459508.4805
08.09.2014,01:00:00GMT+0100,0.79879,0.80654,0.79400,0.79703,568415.2265999999
15.09.2014,01:00:00GMT+0100,0.79703,0.80090,0.78098,0.78721,598646.0385
22.09.2014,01:00:00GMT+0100,0.78721,0.78888,0.77848,0.78051,521709.29349999997
29.09.2014,01:00:00GMT+0100,0.78051,0.78605,0.77662,0.78384,562810.0391
06.10.2014,01:00:00GMT+0100,0.78384,0.78997,0.78283,0.78540,562119.0982
13.10.2014,01:00:00GMT+0100,0.78540,0.80462,0.78524,0.79221,633496.3225
20.10.2014,01:00:00GMT+0100,0.79223,0.79418,0.78707,0.78778,528219.1954
27.10.2014,00:00:00,0.78778,0.79122,0.78231,0.78271,492339.8365
03.11.2014,00:00:00,0.78269,0.78636,0.77989,0.78452,602091.3955000001
10.11.2014,00:00:00,0.78452,0.79997,0.78018,0.79928,567191.6556
17.11.2014,00:00:00,0.79928,0.80384,0.79028,0.79073,593302.8711
24.11.2014,00:00:00,0.79072,0.79704,0.78967,0.79659,504845.7251
01.12.2014,00:00:00,0.79659,0.79765,0.78320,0.78972,592187.2067
08.12.2014,00:00:00,0.78973,0.79538,0.78441,0.79263,616707.1022
15.12.2014,00:00:00,0.79263,0.80062,0.78126,0.78221,656186.2043000001
22.12.2014,00:00:00,0.78217,0.78677,0.78200,0.78235,296306.57
29.12.2014,00:00:00,0.78242,0.78532,0.77448,0.78160,351110.8214
05.01.2015,00:00:00,0.78161,0.78743,0.77842,0.78140,599026.8834
12.01.2015,00:00:00,0.78140,0.78303,0.75953,0.76357,752341.2246
19.01.2015,00:00:00,0.76357,0.77143,0.74047,0.74307,703182.0214999999
26.01.2015,00:00:00,0.74304,0.75361,0.74262,0.74955,681376.7643
02.02.2015,00:00:00,0.74955,0.75920,0.74160,0.74236,620730.1377
09.02.2015,00:00:00,0.74236,0.74587,0.73716,0.73995,594443.0274
16.02.2015,00:00:00,0.73995,0.74434,0.73395,0.73954,664317.4915
23.02.2015,00:00:00,0.73954,0.74050,0.72389,0.72442,626215.1743000001
02.03.2015,00:00:00,0.72443,0.73010,0.71810,0.72017,616213.9511
09.03.2015,00:00:00,0.72017,0.72193,0.70138,0.71053,793818.9814999999
16.03.2015,00:00:00,0.71053,0.72920,0.71049,0.72441,717042.5274
23.03.2015,00:00:00,0.72441,0.73848,0.72276,0.73114,776681.2696000001
30.03.2015,01:00:00GMT+0100,0.73115,0.73788,0.72222,0.73678,675049.1504
06.04.2015,01:00:00GMT+0100,0.73680,0.73732,0.72236,0.72460,590064.7520999999
13.04.2015,01:00:00GMT+0100,0.72459,0.72696,0.71633,0.72224,658542.9248
20.04.2015,01:00:00GMT+0100,0.72225,0.72255,0.71168,0.71610,610410.4041
27.04.2015,01:00:00GMT+0100,0.71606,0.74194,0.71317,0.73829,649474.7148999999
04.05.2015,01:00:00GMT+0100,0.73829,0.74828,0.72248,0.72522,658289.73
11.05.2015,01:00:00GMT+0100,0.72522,0.72825,0.71226,0.72711,694923.7088
18.05.2015,01:00:00GMT+0100,0.72711,0.72832,0.70885,0.71034,650862.7389
25.05.2015,01:00:00GMT+0100,0.71033,0.72014,0.70554,0.71675,549504.1724
01.06.2015,01:00:00GMT+0100,0.71673,0.73854,0.71453,0.72740,687703.0717
08.06.2015,01:00:00GMT+0100,0.72740,0.73886,0.71960,0.72106,661696.3242999999
15.06.2015,01:00:00GMT+0100,0.72106,0.72503,0.71250,0.71575,590692.0434
22.06.2015,01:00:00GMT+0100,0.71573,0.72110,0.69879,0.69948,546661.2442000001
29.06.2015,01:00:00GMT+0100,0.69948,0.71673,0.69926,0.70699,595507.4717999999
06.07.2015,01:00:00GMT+0100,0.70698,0.72236,0.70599,0.71734,621791.3589
13.07.2015,01:00:00GMT+0100,0.71733,0.72017,0.69359,0.69401,576200.7109000001
20.07.2015,01:00:00GMT+0100,0.69399,0.71025,0.69378,0.70686,507698.3905
27.07.2015,01:00:00GMT+0100,0.70685,0.71601,0.69849,0.70198,540166.7237
03.08.2015,01:00:00GMT+0100,0.70198,0.70950,0.69506,0.70751,513688.6709
10.08.2015,01:00:00GMT+0100,0.70751,0.71699,0.70387,0.70893,504663.44380000007
17.08.2015,01:00:00GMT+0100,0.70893,0.72687,0.70260,0.72574,519679.27449999994
24.08.2015,01:00:00GMT+0100,0.72573,0.74212,0.72389,0.72726,743972.5865
31.08.2015,01:00:00GMT+0100,0.72725,0.73944,0.72620,0.73398,546858.1054
07.09.2015,01:00:00GMT+0100,0.73399,0.73571,0.72399,0.73428,565780.6011
14.09.2015,01:00:00GMT+0100,0.73429,0.73590,0.72625,0.72712,536382.2259999999
21.09.2015,01:00:00GMT+0100,0.72714,0.74103,0.71963,0.73666,527151.7335
28.09.2015,01:00:00GMT+0100,0.73664,0.74422,0.73353,0.73875,568485.0255000001
05.10.2015,01:00:00GMT+0100,0.73871,0.74298,0.73327,0.74195,578996.0646
12.10.2015,01:00:00GMT+0100,0.74195,0.74926,0.73381,0.73581,535479.6791000001
19.10.2015,01:00:00GMT+0100,0.73580,0.73732,0.71682,0.71948,526023.482
26.10.2015,00:00:00,0.71948,0.72498,0.71233,0.71392,541835.8794000001
02.11.2015,00:00:00,0.71392,0.71969,0.70413,0.71272,511717.3047
09.11.2015,00:00:00,0.71271,0.71540,0.70227,0.70308,548413.5611
16.11.2015,00:00:00,0.70309,0.70789,0.69818,0.70031,550114.5795999999
23.11.2015,00:00:00,0.70031,0.70798,0.69917,0.70372,505370.9385
30.11.2015,00:00:00,0.70373,0.72509,0.70067,0.72009,665635.4589
07.12.2015,00:00:00,0.72009,0.72793,0.71636,0.72255,595597.9728
14.12.2015,00:00:00,0.72252,0.73059,0.72063,0.72906,661204.0593000001
21.12.2015,00:00:00,0.72907,0.74157,0.72787,0.73458,360427.9543
28.12.2015,00:00:00,0.73458,0.74082,0.73342,0.73638,341337.002
04.01.2016,00:00:00,0.73638,0.75542,0.73122,0.75293,714413.5508999999
11.01.2016,00:00:00,0.75292,0.76942,0.74423,0.76491,818678.5846
18.01.2016,00:00:00,0.76491,0.77554,0.75254,0.75745,900183.3873
25.01.2016,00:00:00,0.75741,0.76659,0.75498,0.75995,892336.7677
01.02.2016,00:00:00,0.75991,0.77163,0.75258,0.76803,862644.6143
08.02.2016,00:00:00,0.76802,0.78972,0.76608,0.77293,956514.5196000001
15.02.2016,00:00:00,0.77294,0.78447,0.76953,0.77974,729152.3496000001
22.02.2016,00:00:00,0.77972,0.79285,0.77683,0.78803,779380.1446000001
29.02.2016,00:00:00,0.78803,0.78971,0.76909,0.77342,758984.1256
07.03.2016,00:00:00,0.77343,0.78478,0.76521,0.77647,708424.5752
14.03.2016,00:00:00,0.77647,0.79109,0.77352,0.77957,650510.9213999999
21.03.2016,00:00:00,0.77958,0.79463,0.77945,0.78961,468560.6036
28.03.2016,01:00:00GMT+0100,0.78960,0.80199,0.78304,0.80097,492137.16099999996
04.04.2016,01:00:00GMT+0100,0.80100,0.81167,0.79597,0.80703,521741.00210000004
11.04.2016,01:00:00GMT+0100,0.80703,0.80890,0.79249,0.79665,559096.1036
18.04.2016,01:00:00GMT+0100,0.79667,0.79932,0.77512,0.77749,557459.7636999999
25.04.2016,01:00:00GMT+0100,0.77748,0.78550,0.77349,0.78474,645313.4317000001
02.05.2016,01:00:00GMT+0100,0.78474,0.79467,0.78212,0.78923,563565.0196
09.05.2016,01:00:00GMT+0100,0.78921,0.79275,0.78456,0.78859,512925.1777
16.05.2016,01:00:00GMT+0100,0.78859,0.78934,0.76493,0.77434,525253.9341
23.05.2016,01:00:00GMT+0100,0.77434,0.77539,0.75647,0.75959,565067.9467
30.05.2016,01:00:00GMT+0100,0.75960,0.79053,0.75724,0.78888,628399.6193
06.06.2016,01:00:00GMT+0100,0.78889,0.79350,0.77520,0.79198,645756.0244
13.06.2016,01:00:00GMT+0100,0.79195,0.79947,0.77707,0.77809,692389.9425
20.06.2016,01:00:00GMT+0100,0.77810,0.83142,0.75993,0.82125,991704.0314
27.06.2016,01:00:00GMT+0100,0.82128,0.84056,0.82014,0.83759,887311.4380000001
04.07.2016,01:00:00GMT+0100,0.83759,0.86268,0.83525,0.85325,724950.6445
11.07.2016,01:00:00GMT+0100,0.85326,0.85789,0.82491,0.83539,835745.6407999999
18.07.2016,01:00:00GMT+0100,0.83542,0.84269,0.82995,0.83578,1599155.0587
25.07.2016,01:00:00GMT+0100,0.83578,0.84777,0.83371,0.84486,2416638.4405
01.08.2016,01:00:00GMT+0100,0.84485,0.85042,0.83438,0.84792,2099400.1505
08.08.2016,01:00:00GMT+0100,0.84792,0.86525,0.84689,0.86481,1441339.2179999999
15.08.2016,01:00:00GMT+0100,0.86481,0.87244,0.85908,0.86485,1475007.0235000001
22.08.2016,01:00:00GMT+0100,0.86485,0.86534,0.84851,0.85301,1606999.6797
29.08.2016,01:00:00GMT+0100,0.85302,0.85518,0.83754,0.83926,1794799.6690999998
05.09.2016,01:00:00GMT+0100,0.83926,0.84949,0.83330,0.84685,1747712.7443
12.09.2016,01:00:00GMT+0100,0.84685,0.85814,0.84198,0.85745,1932782.5156999999
19.09.2016,01:00:00GMT+0100,0.85747,0.86793,0.85349,0.86585,2114911.5489999996
26.09.2016,01:00:00GMT+0100,0.86585,0.87162,0.85890,0.86872,2395031.6739
03.10.2016,01:00:00GMT+0100,0.86872,0.93260,0.86768,0.90018,2338906.6465
10.10.2016,01:00:00GMT+0100,0.90017,0.91411,0.89667,0.90049,2120054.5958
17.10.2016,01:00:00GMT+0100,0.90048,0.90577,0.88802,0.89043,1739805.6866
24.10.2016,01:00:00GMT+0100,0.89044,0.90236,0.88842,0.89966,728648.5186000001
31.10.2016,00:00:00,0.89968,0.90485,0.88570,0.88844,757815.0303999999
07.11.2016,00:00:00,0.88843,0.90251,0.85668,0.86048,1001510.6241
14.11.2016,00:00:00,0.86047,0.87068,0.85263,0.85867,973707.5342
21.11.2016,00:00:00,0.85867,0.86386,0.84597,0.85005,793609.0801000001
28.11.2016,00:00:00,0.85003,0.85778,0.83104,0.83408,862308.3849000001
05.12.2016,00:00:00,0.83408,0.85719,0.83044,0.83734,894891.2616999999
12.12.2016,00:00:00,0.83733,0.84284,0.83320,0.83639,989390.9614999999
19.12.2016,00:00:00,0.83636,0.85388,0.83609,0.85020,811714.0014999999
26.12.2016,00:00:00,0.85022,0.86670,0.84876,0.85183,718123.8048
02.01.2017,00:00:00,0.85177,0.85958,0.84499,0.85895,845901.6738999999
09.01.2017,00:00:00,0.85893,0.88519,0.85853,0.88279,1069696.1993
16.01.2017,00:00:00,0.88279,0.88518,0.86096,0.86485,1131941.7754000002
23.01.2017,00:00:00,0.86485,0.86632,0.84702,0.85079,992685.3169999999
30.01.2017,00:00:00,0.85083,0.86439,0.84893,0.86367,924943.8814
06.02.2017,00:00:00,0.86369,0.86392,0.84935,0.85065,831240.6919
13.02.2017,00:00:00,0.85067,0.85914,0.84556,0.85480,838476.4801
20.02.2017,00:00:00,0.85478,0.85528,0.84024,0.85090,756716.4551000001
27.02.2017,00:00:00,0.85092,0.86408,0.84954,0.86340,834463.5863999999
06.03.2017,00:00:00,0.86341,0.87870,0.86246,0.87828,755110.9711000001
13.03.2017,00:00:00,0.87827,0.87868,0.86603,0.86738,745220.187
20.03.2017,00:00:00,0.86738,0.87265,0.86047,0.86666,680022.0323000001
27.03.2017,01:00:00GMT+0100,0.86666,0.87349,0.84842,0.85076,660730.0279
03.04.2017,01:00:00GMT+0100,0.85079,0.85904,0.85042,0.85496,639315.4687999999
10.04.2017,01:00:00GMT+0100,0.85497,0.85519,0.84606,0.84633,600776.7607999999
17.04.2017,01:00:00GMT+0100,0.84634,0.85119,0.83132,0.84788,653454.6025
24.04.2017,01:00:00GMT+0100,0.84787,0.85306,0.84047,0.84328,730201.502
01.05.2017,01:00:00GMT+0100,0.84328,0.85085,0.84224,0.84547,621288.6094000001
08.05.2017,01:00:00GMT+0100,0.84547,0.84884,0.83836,0.84814,670266.2305000001
15.05.2017,01:00:00GMT+0100,0.84812,0.86150,0.84576,0.86108,710173.3252
22.05.2017,01:00:00GMT+0100,0.86108,0.87503,0.85997,0.87214,675295.9156000001
29.05.2017,01:00:00GMT+0100,0.87210,0.87675,0.86555,0.87637,581158.6227
05.06.2017,01:00:00GMT+0100,0.87637,0.88592,0.86499,0.87897,685004.2382
12.06.2017,01:00:00GMT+0100,0.87897,0.88660,0.87192,0.87699,654007.2953000001
19.06.2017,01:00:00GMT+0100,0.87700,0.88453,0.87341,0.87870,548548.2388
26.06.2017,01:00:00GMT+0100,0.87871,0.88799,0.87627,0.87762,633720.2843
03.07.2017,01:00:00GMT+0100,0.87764,0.88603,0.87564,0.88458,588125.2097
10.07.2017,01:00:00GMT+0100,0.88460,0.89328,0.87426,0.87518,461842.414
17.07.2017,01:00:00GMT+0100,0.87518,0.89944,0.87444,0.89817,762364.1226
24.07.2017,01:00:00GMT+0100,0.89816,0.89826,0.88909,0.89369,703983.9131
31.07.2017,01:00:00GMT+0100,0.89367,0.90545,0.89222,0.90269,665677.5673999999
07.08.2017,01:00:00GMT+0100,0.90270,0.91185,0.90075,0.90920,649818.5078000001
14.08.2017,01:00:00GMT+0100,0.90920,0.91490,0.90506,0.91330,729889.6007
21.08.2017,01:00:00GMT+0100,0.91327,0.92701,0.91108,0.92613,779608.6123000002
28.08.2017,01:00:00GMT+0100,0.92615,0.93063,0.91497,0.91646,916423.2578000001
04.09.2017,01:00:00GMT+0100,0.91646,0.92261,0.91037,0.91051,1010517.1886
11.09.2017,01:00:00GMT+0100,0.91049,0.91217,0.87737,0.87922,918845.4508
18.09.2017,01:00:00GMT+0100,0.87922,0.88989,0.87785,0.88308,1084151.7432000001
25.09.2017,01:00:00GMT+0100,0.88308,0.88416,0.87458,0.88159,947591.2705999999
02.10.2017,01:00:00GMT+0100,0.88158,0.89920,0.88009,0.89749,829581.5459
09.10.2017,01:00:00GMT+0100,0.89748,0.90327,0.88745,0.88907,861210.9326000002
16.10.2017,01:00:00GMT+0100,0.88907,0.90224,0.88556,0.89105,817286.7670999999
23.10.2017,01:00:00GMT+0100,0.89107,0.89752,0.88256,0.88360,826488.9361
30.10.2017,00:00:00,0.88359,0.89385,0.87327,0.88796,817766.8393999999
06.11.2017,00:00:00,0.88797,0.88892,0.87912,0.88876,724974.9694000001
13.11.2017,00:00:00,0.88879,0.90140,0.88722,0.88896,720058.8614
20.11.2017,00:00:00,0.88896,0.89618,0.88418,0.89515,661064.1109999999
27.11.2017,00:00:00,0.89516,0.89814,0.87762,0.87881,921479.3573
04.12.2017,00:00:00,0.87884,0.88674,0.86895,0.87875,872192.2393
11.12.2017,00:00:00,0.87872,0.88592,0.87605,0.88183,853193.4201
18.12.2017,00:00:00,0.88184,0.88898,0.87921,0.88544,816811.2163000001
25.12.2017,00:00:00,0.88544,0.88939,0.88493,0.88777,546036.3936
01.01.2018,00:00:00,0.88777,0.89241,0.88479,0.88664,622470.9204000001
08.01.2018,00:00:00,0.88664,0.89283,0.88086,0.88785,776735.0129000007
15.01.2018,00:00:00,0.88785,0.89095,0.88013,0.88224,971386.8730000003
22.01.2018,00:00:00,0.88224,0.88255,0.86866,0.87841,1130515.1195000005
29.01.2018,00:00:00,0.87840,0.88332,0.87159,0.88201,1123656.0373000007
05.02.2018,00:00:00,0.88201,0.89104,0.87319,0.88626,1245100.1075999995
12.02.2018,00:00:00,0.88626,0.89194,0.88391,0.88455,1070773.4515000004
19.02.2018,00:00:00,0.88455,0.88697,0.87854,0.87967,935651.5515000002
26.02.2018,00:00:00,0.87968,0.89511,0.87716,0.89284,1010566.371199998
05.03.2018,00:00:00,0.89284,0.89677,0.88746,0.88830,998006.6499999982
12.03.2018,00:00:00,0.88830,0.88965,0.88071,0.88074,848937.6699999995