29.12.2003,00:00:00,1.77214,1.79569,1.76994,1.79458,632983.6142999999
05.01.2004,00:00:00,1.79458,1.84938,1.79368,1.84687,817374.5811000001
12.01.2004,00:00:00,1.84681,1.85759,1.79288,1.79939,809428.6661
19.01.2004,00:00:00,1.79958,1.85194,1.78198,1.82357,804104.6436
26.01.2004,00:00:00,1.82347,1.83805,1.80175,1.82435,851370.6435000001
02.02.2004,00:00:00,1.82421,1.85143,1.81334,1.84423,820681.4248000002
09.02.2004,00:00:00,1.84428,1.89840,1.84401,1.88393,817686.7159
16.02.2004,00:00:00,1.88408,1.91378,1.85606,1.85919,809877.753
23.02.2004,00:00:00,1.85890,1.89425,1.84550,1.87384,823383.6689
01.03.2004,00:00:00,1.87365,1.87443,1.81534,1.84610,820810.5724000001
08.03.2004,00:00:00,1.84613,1.85841,1.79043,1.79858,818559.6329000001
15.03.2004,00:00:00,1.79892,1.84005,1.79397,1.83316,805495.4004
22.03.2004,00:00:00,1.83336,1.85374,1.79894,1.81358,830724.2910000001
29.03.2004,01:00:00,1.81347,1.85995,1.80642,1.82804,823091.7403000001
05.04.2004,01:00:00,1.82806,1.84647,1.81048,1.83302,792808.1407
12.04.2004,01:00:00,1.83317,1.84230,1.77603,1.79922,839094.0342
19.04.2004,01:00:00,1.79931,1.81415,1.76243,1.76845,821757.6582
26.04.2004,01:00:00,1.76880,1.79686,1.75803,1.77894,839449.922
03.05.2004,01:00:00,1.77837,1.80290,1.76879,1.78425,839894.8965
10.05.2004,01:00:00,1.78427,1.78619,1.74812,1.75740,832288.2812000001
17.05.2004,01:00:00,1.75770,1.79539,1.75688,1.78676,825549.2060000001
24.05.2004,01:00:00,1.78735,1.84193,1.78204,1.83197,831702.7032
31.05.2004,01:00:00,1.83276,1.84846,1.82752,1.84430,798066.4746999999
07.06.2004,01:00:00,1.84389,1.84799,1.81607,1.81709,858834.9121000001
14.06.2004,01:00:00,1.81758,1.83989,1.80420,1.83811,831213.6847
21.06.2004,01:00:00,1.83833,1.84097,1.81032,1.82588,840134.9688
28.06.2004,01:00:00,1.82570,1.83567,1.80106,1.83438,839338.4473000001
05.07.2004,01:00:00,1.83435,1.86205,1.82675,1.86183,836694.0313000001
12.07.2004,01:00:00,1.86181,1.87705,1.84763,1.87550,826869.419
19.07.2004,01:00:00,1.87503,1.87587,1.82979,1.83312,827008.3281
26.07.2004,01:00:00,1.83317,1.84459,1.80835,1.82233,820262.7715
02.08.2004,01:00:00,1.82255,1.84642,1.81494,1.84201,819836.3799
09.08.2004,01:00:00,1.84195,1.84549,1.81337,1.84360,811971.3155000001
16.08.2004,01:00:00,1.84356,1.84618,1.81562,1.81678,832928.1934
23.08.2004,01:00:00,1.81680,1.81870,1.78810,1.78980,809973.5343
30.08.2004,01:00:00,1.78992,1.80650,1.77359,1.77594,810861.9914
06.09.2004,01:00:00,1.77597,1.80210,1.77062,1.79743,812349.5567000001
13.09.2004,01:00:00,1.79728,1.80337,1.77389,1.79153,802955.9561000001
20.09.2004,01:00:00,1.79157,1.80815,1.78154,1.80470,792472.213
27.09.2004,01:00:00,1.80458,1.81588,1.79274,1.79479,802879.2657
04.10.2004,01:00:00,1.79489,1.79670,1.77433,1.79477,800970.1777999998
11.10.2004,01:00:00,1.79531,1.80616,1.78402,1.80361,801320.5937999999
18.10.2004,01:00:00,1.80378,1.83402,1.79219,1.83302,801755.3457
25.10.2004,01:00:00,1.83280,1.84474,1.81961,1.84077,783496.1348000001
01.11.2004,00:00:00,1.84102,1.85700,1.82959,1.85545,787506.6542999999
08.11.2004,00:00:00,1.85542,1.86135,1.83771,1.85614,776045.4385
15.11.2004,00:00:00,1.85633,1.86338,1.84372,1.85700,771895.3224
22.11.2004,00:00:00,1.85683,1.90323,1.85195,1.89124,763678.1094000001
29.11.2004,00:00:00,1.89127,1.94417,1.88477,1.94350,760701.0255
06.12.2004,00:00:00,1.94353,1.95050,1.90135,1.91060,764516.4591
13.12.2004,00:00:00,1.91087,1.95469,1.90952,1.94140,759504.669
20.12.2004,00:00:00,1.94143,1.95040,1.90983,1.92348,761093.8624
27.12.2004,00:00:00,1.92353,1.94145,1.91188,1.91895,700867.0655000001
03.01.2005,00:00:00,1.91893,1.91922,1.86432,1.87095,771347.5626000001
10.01.2005,00:00:00,1.87129,1.89344,1.86375,1.86962,759675.2403
17.01.2005,00:00:00,1.86990,1.88235,1.85258,1.87672,700546.3808999999
24.01.2005,00:00:00,1.87672,1.89247,1.86244,1.88542,761113.1152
31.01.2005,00:00:00,1.88546,1.89139,1.87109,1.87292,752092.6464999999
07.02.2005,00:00:00,1.87301,1.87495,1.84974,1.86901,753018.4942000001
14.02.2005,00:00:00,1.86897,1.89733,1.86562,1.89303,753589.103
21.02.2005,00:00:00,1.89322,1.91937,1.89056,1.91872,761237.8468
28.02.2005,00:00:00,1.91928,1.92692,1.90464,1.92329,751758.4717000001
07.03.2005,00:00:00,1.92342,1.93231,1.91118,1.92705,756325.8623
14.03.2005,00:00:00,1.92716,1.92897,1.90982,1.91909,749799.5029000001
21.03.2005,00:00:00,1.91952,1.91972,1.86578,1.86884,785308.6669999999
28.03.2005,01:00:00,1.86891,1.89656,1.85903,1.87759,839889.1817000001
04.04.2005,01:00:00,1.87749,1.88576,1.86686,1.88231,878880.0939000001
11.04.2005,01:00:00,1.88219,1.89640,1.87535,1.89338,795119.9874
18.04.2005,01:00:00,1.89336,1.92137,1.88813,1.91426,751863.8935000001
25.04.2005,01:00:00,1.91422,1.91587,1.89882,1.90408,766174.8067000001
02.05.2005,01:00:00,1.90411,1.90743,1.88838,1.88952,751557.5996
09.05.2005,01:00:00,1.88952,1.89090,1.84626,1.84735,759484.2784
16.05.2005,01:00:00,1.84742,1.84891,1.82310,1.82460,757763.2812999999
23.05.2005,01:00:00,1.82463,1.83559,1.81850,1.82087,741961.9346
30.05.2005,01:00:00,1.82089,1.82552,1.80753,1.81294,747751.7091
06.06.2005,01:00:00,1.81287,1.83982,1.81056,1.81160,728409.9219999999
13.06.2005,01:00:00,1.81163,1.83113,1.79997,1.82540,746107.9277000001
20.06.2005,01:00:00,1.82540,1.83280,1.81255,1.82308,742865.419
27.06.2005,01:00:00,1.82311,1.83113,1.75693,1.76208,743925.2032000001
04.07.2005,01:00:00,1.76215,1.76520,1.73096,1.73753,746148.753
11.07.2005,01:00:00,1.73732,1.77854,1.73667,1.75209,743680.4277999998
18.07.2005,01:00:00,1.75212,1.76131,1.72798,1.73892,742079.5498
25.07.2005,01:00:00,1.73893,1.76080,1.73303,1.75500,739450.9786
01.08.2005,01:00:00,1.75506,1.78277,1.75499,1.77420,744056.5127999999
08.08.2005,01:00:00,1.77422,1.81740,1.77282,1.81600,751675.6933999999
15.08.2005,01:00:00,1.81601,1.81601,1.78897,1.79490,745059.3126
22.08.2005,01:00:00,1.79495,1.80943,1.79043,1.80776,751799.2842999999
29.08.2005,01:00:00,1.80780,1.84452,1.78186,1.83836,740741.7315
05.09.2005,01:00:00,1.83843,1.84985,1.83188,1.84231,749052.9717000001
12.09.2005,01:00:00,1.84239,1.84239,1.80027,1.80198,744185.3751
19.09.2005,01:00:00,1.80202,1.81444,1.76963,1.77272,746594.6778000001
26.09.2005,01:00:00,1.77272,1.77979,1.75650,1.76193,739730.1153
03.10.2005,01:00:00,1.76206,1.78097,1.75126,1.75991,741752.8594000001
10.10.2005,01:00:00,1.75967,1.77041,1.73906,1.76364,739206.5568
17.10.2005,01:00:00,1.76358,1.77946,1.74217,1.76580,742603.1407
24.10.2005,01:00:00,1.76577,1.79001,1.76315,1.77460,743323.7969000001
31.10.2005,00:00:00,1.77462,1.78217,1.74445,1.74794,739844.0811000001
07.11.2005,00:00:00,1.74789,1.75158,1.73271,1.74190,746112.922
14.11.2005,00:00:00,1.74212,1.74943,1.70977,1.71662,733522.3379
21.11.2005,00:00:00,1.71668,1.72832,1.70665,1.71412,724456.9814999999
28.11.2005,00:00:00,1.71415,1.73738,1.70474,1.73189,726767.3565
05.12.2005,00:00:00,1.73188,1.75623,1.72707,1.75090,732212.1748
12.12.2005,00:00:00,1.75094,1.78061,1.75094,1.77180,733018.7784
19.12.2005,00:00:00,1.77181,1.77286,1.73037,1.73368,733420.2315999999
26.12.2005,00:00:00,1.73387,1.74053,1.71274,1.72258,743024.1153
02.01.2006,00:00:00,1.72267,1.77183,1.71755,1.76832,735521.1935
09.01.2006,00:00:00,1.76835,1.77849,1.75201,1.77740,739284.4035
16.01.2006,00:00:00,1.77741,1.77939,1.75275,1.77251,738187.5997
23.01.2006,00:00:00,1.77257,1.79303,1.76651,1.76912,744057.9277999998
30.01.2006,00:00:00,1.76913,1.78562,1.75919,1.76250,728630.4160000001
06.02.2006,00:00:00,1.76253,1.76386,1.73749,1.74338,732609.9972
13.02.2006,00:00:00,1.74341,1.74853,1.72802,1.74202,731087.5782
20.02.2006,00:00:00,1.74207,1.75526,1.73611,1.73956,738409.7403
27.02.2006,00:00:00,1.73957,1.75913,1.73747,1.75872,737375.1251000001
06.03.2006,00:00:00,1.75880,1.76210,1.72305,1.72713,740146.4033999998
13.03.2006,00:00:00,1.72713,1.75941,1.72273,1.75475,738601.6796000001
20.03.2006,00:00:00,1.75471,1.75849,1.73085,1.74268,731230.6592000001
27.03.2006,01:00:00,1.74288,1.75336,1.73160,1.73560,736831.3223000001
03.04.2006,01:00:00,1.73566,1.76136,1.72492,1.74245,739812.3537000001
10.04.2006,01:00:00,1.74248,1.75709,1.73737,1.75530,726581.2627999999
17.04.2006,01:00:00,1.75533,1.79334,1.75528,1.78694,734601.1818000001
24.04.2006,01:00:00,1.78689,1.82668,1.77919,1.82360,736559.6592000001
01.05.2006,01:00:00,1.82373,1.86450,1.82043,1.86219,733727.1094
08.05.2006,01:00:00,1.86219,1.89939,1.85135,1.89882,736028.4873000002
15.05.2006,01:00:00,1.89878,1.90180,1.87001,1.87602,741074.9317000001
22.05.2006,01:00:00,1.87603,1.88842,1.85285,1.85883,748639.3965
29.05.2006,01:00:00,1.85912,1.88626,1.85606,1.88343,736797.084
05.06.2006,01:00:00,1.88341,1.88752,1.83672,1.83794,741275.5841
12.06.2006,01:00:00,1.83800,1.85567,1.83137,1.85172,744997.1280000001
19.06.2006,01:00:00,1.85175,1.85177,1.81293,1.81986,744056.0312999999
26.06.2006,01:00:00,1.81990,1.84992,1.80759,1.84727,747643.3565999998
03.07.2006,01:00:00,1.84728,1.85365,1.83246,1.84998,737106.6592000001
10.07.2006,01:00:00,1.85001,1.85194,1.83109,1.83765,738046.5528000001
17.07.2006,01:00:00,1.83767,1.85964,1.81753,1.85882,736913.3097
24.07.2006,01:00:00,1.85860,1.86731,1.83837,1.86403,737306.5996000001
31.07.2006,01:00:00,1.86405,1.91255,1.86156,1.90780,746861.1876000001
07.08.2006,01:00:00,1.90783,1.91395,1.88663,1.89220,742801.0881
14.08.2006,01:00:00,1.89233,1.90220,1.87753,1.88215,736089.5781
21.08.2006,01:00:00,1.88219,1.89944,1.88177,1.88648,735817.7871999999
28.08.2006,01:00:00,1.88653,1.90911,1.88634,1.90628,742003.3497
04.09.2006,01:00:00,1.90633,1.90789,1.86270,1.86708,748398.7685000001
11.09.2006,01:00:00,1.86711,1.89170,1.86023,1.87781,742898.7442000001
18.09.2006,01:00:00,1.87825,1.90614,1.87351,1.90092,738606.6621
25.09.2006,01:00:00,1.90100,1.90708,1.86344,1.87206,740471.4434
02.10.2006,01:00:00,1.87208,1.88970,1.86735,1.86990,738144.5099000001
09.10.2006,01:00:00,1.87000,1.87110,1.85163,1.85400,744723.6749
16.10.2006,01:00:00,1.85398,1.88577,1.85217,1.88230,742835.2130000001
23.10.2006,01:00:00,1.88230,1.90002,1.86743,1.89605,741280.959
30.10.2006,00:00:00,1.89630,1.91350,1.89545,1.90153,741425.1592999999
06.11.2006,00:00:00,1.90161,1.91772,1.89488,1.91138,739203.5909
13.11.2006,00:00:00,1.91146,1.91508,1.88352,1.89399,739024.2090999999
20.11.2006,00:00:00,1.89411,1.94685,1.89316,1.93929,736420.2714999999
27.11.2006,00:00:00,1.93931,1.98449,1.93117,1.98172,739253.7217999999
04.12.2006,00:00:00,1.98163,1.98184,1.95088,1.95387,756347.753
11.12.2006,00:00:00,1.95361,1.97269,1.94655,1.95222,750637.2813
18.12.2006,00:00:00,1.95213,1.97464,1.94337,1.95878,750928.4005
25.12.2006,00:00:00,1.95910,1.97564,1.95130,1.95802,762639.834
01.01.2007,00:00:00,1.95805,1.97490,1.92633,1.92932,752894.3340999999
08.01.2007,00:00:00,1.92938,1.96036,1.92608,1.95992,747667.6250999998
15.01.2007,00:00:00,1.95980,1.97776,1.95697,1.97365,748095.0412000001
22.01.2007,00:00:00,1.97367,1.99145,1.95576,1.96096,749091.9277
29.01.2007,00:00:00,1.96095,1.97440,1.94817,1.96542,745596.7755
05.02.2007,00:00:00,1.96549,1.97299,1.94571,1.95328,747859.9492
12.02.2007,00:00:00,1.95337,1.96749,1.94014,1.95243,750036.2188
19.02.2007,00:00:00,1.95238,1.96508,1.94333,1.96410,737470.7598
26.02.2007,00:00:00,1.96415,1.96718,1.93413,1.93423,747765.8468
05.03.2007,00:00:00,1.93405,1.93764,1.91822,1.93764,750128.7187000001
12.03.2007,00:00:00,1.93760,1.95038,1.92124,1.94110,763069.5918000002
19.03.2007,00:00:00,1.94093,1.97244,1.93973,1.95979,750155.8205
26.03.2007,01:00:00,1.96002,1.97197,1.95466,1.96780,763474.5352
02.04.2007,01:00:00,1.96790,1.98235,1.96355,1.96435,1939225.9629000002
09.04.2007,01:00:00,1.96440,1.98870,1.95915,1.98830,1493473.4122000001
16.04.2007,01:00:00,1.98835,2.01320,1.98625,2.00340,2069983.3135999998
23.04.2007,01:00:00,2.00340,2.00615,1.98640,1.99360,2192191.0391999995
30.04.2007,01:00:00,1.99360,2.00745,1.97528,1.99360,3531749.2695
07.05.2007,01:00:00,1.99360,1.99985,1.97615,1.98340,5720227.1485
14.05.2007,01:00:00,1.98340,1.98740,1.97000,1.97450,6162536.5508
21.05.2007,01:00:00,1.97450,1.98950,1.96755,1.98350,5516706.9883
28.05.2007,01:00:00,1.98350,1.98990,1.97340,1.98220,4790741.5196
04.06.2007,01:00:00,1.98220,1.99680,1.96220,1.96670,6162051.3516
11.06.2007,01:00:00,1.96670,1.97830,1.96500,1.97740,5064335.5332
18.06.2007,01:00:00,1.97740,1.99960,1.97580,1.99906,4764794.1504
25.06.2007,01:00:00,1.99930,2.00955,1.99290,2.00785,5394514.6992
02.07.2007,01:00:00,2.00785,2.02060,2.00580,2.01125,5538377.2266
09.07.2007,01:00:00,2.01150,2.03660,2.00970,2.03410,8098508.1992
16.07.2007,01:00:00,2.03410,2.05865,2.03262,2.05560,7440057.7813
23.07.2007,01:00:00,2.05570,2.06530,2.01820,2.02120,8077625.1563
30.07.2007,01:00:00,2.02120,2.04610,2.02040,2.04060,6638654.4219
06.08.2007,01:00:00,2.04060,2.04620,2.01520,2.02110,7794338.2891
13.08.2007,01:00:00,2.02110,2.02585,1.96510,1.97770,8625719.5117
20.08.2007,01:00:00,1.97760,2.01780,1.97430,2.01750,6325833.8125
27.08.2007,01:00:00,2.01750,2.02330,1.99580,2.01470,6652534.5
03.09.2007,01:00:00,2.01470,2.03245,2.00425,2.02840,5019395.9375
10.09.2007,01:00:00,2.02840,2.03660,2.00390,2.00610,4684666.4883
17.09.2007,01:00:00,2.00610,2.02140,1.98790,2.02030,4755634.2617
24.09.2007,01:00:00,2.02030,2.04890,2.00855,2.04510,4577749.25
01.10.2007,01:00:00,2.04510,2.04940,2.02775,2.04200,4416765.1992
08.10.2007,01:00:00,2.04200,2.04790,2.02465,2.03420,4901528.9531
15.10.2007,01:00:00,2.03420,2.05725,2.02865,2.05030,8026799.375
22.10.2007,01:00:00,2.05030,2.05725,2.02580,2.05335,6965396.5625
29.10.2007,00:00:00,2.05340,2.09037,2.05285,2.08770,9810538.7188
05.11.2007,00:00:00,2.08770,2.11615,2.07815,2.08580,4706420.7344
12.11.2007,00:00:00,2.08580,2.08655,2.03520,2.05385,4613176.1289
19.11.2007,00:00:00,2.05395,2.07650,2.04510,2.06355,11057647.6563
26.11.2007,00:00:00,2.06355,2.08325,2.05325,2.05765,2383920.2774
03.12.2007,00:00:00,2.05760,2.06785,2.01790,2.03285,2780297.7813
10.12.2007,00:00:00,2.03285,2.05810,2.01340,2.01625,2777822.5392
17.12.2007,00:00:00,2.01625,2.02280,1.98090,1.98365,2318564.0313999997
24.12.2007,00:00:00,1.98365,2.00220,1.96933,1.99790,1180303.9894
31.12.2007,00:00:00,1.99790,2.01020,1.96730,1.97170,1464512.25
07.01.2008,00:00:00,1.97170,1.98285,1.94830,1.95880,2498231.3671999997
14.01.2008,00:00:00,1.95880,1.97915,1.95120,1.95700,3410348.0234
21.01.2008,00:00:00,1.95700,1.98765,1.93360,1.98645,2936287.3515999997
28.01.2008,00:00:00,1.98650,1.99580,1.96248,1.96505,2692180.2421999997
04.02.2008,00:00:00,1.96505,1.97865,1.93880,1.94625,1924203.9805999997
11.02.2008,00:00:00,1.94625,1.97380,1.94015,1.95820,841503.7385000001
18.02.2008,00:00:00,1.95820,1.97085,1.93620,1.96870,2470406.7579
25.02.2008,00:00:00,1.96865,1.99710,1.96160,1.98430,3489703.1796999997
03.03.2008,00:00:00,1.98430,2.02160,1.97205,2.01920,3056147.7969
10.03.2008,00:00:00,2.01920,2.03980,1.99950,2.01850,3744684.1719
17.03.2008,00:00:00,2.01850,2.02730,1.97350,1.97870,3325436.3906
24.03.2008,00:00:00,1.97870,2.01925,1.97560,1.99330,3236177.9376
31.03.2008,01:00:00,1.99330,2.00470,1.97280,1.99300,3138570.4063
07.04.2008,01:00:00,1.99286,1.99330,1.96450,1.96700,5551758.4063
14.04.2008,01:00:00,1.96700,1.99980,1.95995,1.99830,4255515.2501
21.04.2008,01:00:00,1.99830,2.00265,1.96760,1.98300,2342606.1505
28.04.2008,01:00:00,1.98300,1.99650,1.96230,1.97370,941446.9531
05.05.2008,01:00:00,1.97370,1.97840,1.94590,1.95180,619905.0419000001
12.05.2008,01:00:00,1.95180,1.96330,1.93620,1.95705,729895.9260000001
19.05.2008,01:00:00,1.95705,1.98520,1.94525,1.98057,821981.8126000001
26.05.2008,01:00:00,1.98070,1.98460,1.96725,1.97400,655557.0757
02.06.2008,01:00:00,1.97400,1.97650,1.94610,1.97050,523567.6369
09.06.2008,01:00:00,1.97050,1.98005,1.94100,1.94855,935703.3124
16.06.2008,01:00:00,1.94855,1.97910,1.94660,1.97480,1440360.7940999998
23.06.2008,01:00:00,1.97480,1.99520,1.95850,1.99410,1367338.131
30.06.2008,01:00:00,1.99430,2.00065,1.97940,1.98222,1246755.8203
07.07.2008,01:00:00,1.98188,1.99580,1.96485,1.98520,968963.6153
14.07.2008,01:00:00,1.98520,2.01550,1.98110,1.99420,956586.9717000001
21.07.2008,01:00:00,1.99420,2.00755,1.98160,1.98760,969087.4502999999
28.07.2008,01:00:00,1.98760,1.99680,1.97250,1.97490,980784.5064000001
04.08.2008,01:00:00,1.97490,1.97565,1.91020,1.91380,1257990.0917999998
11.08.2008,01:00:00,1.91380,1.92550,1.85120,1.86490,1090932.378
18.08.2008,01:00:00,1.86490,1.87935,1.84980,1.85060,940865.7050000001
25.08.2008,01:00:00,1.85070,1.85895,1.80815,1.81175,1106734.9122000001
01.09.2008,01:00:00,1.81180,1.81290,1.75360,1.78190,1439597.6015
08.09.2008,01:00:00,1.78190,1.80731,1.74455,1.79810,1561304.8672999998
15.09.2008,01:00:00,1.79825,1.83860,1.77330,1.83235,2851431.2383
22.09.2008,01:00:00,1.83245,1.86685,1.82575,1.83045,1625487.3438999997
29.09.2008,01:00:00,1.83050,1.83285,1.75500,1.76610,1941048.6173999999
06.10.2008,01:00:00,1.76610,1.76770,1.67700,1.71345,22389315.8126
13.10.2008,01:00:00,1.71360,1.76295,1.69190,1.73220,34267189.3125
20.10.2008,01:00:00,1.73220,1.75170,1.52590,1.58475,26917206.75
27.10.2008,00:00:00,1.58490,1.66715,1.52755,1.61095,3928539.4908
03.11.2008,00:00:00,1.61095,1.63980,1.55305,1.57750,807967.025
10.11.2008,00:00:00,1.57850,1.58830,1.45565,1.46590,725585.4659
17.11.2008,00:00:00,1.46605,1.52480,1.46522,1.49250,780879.125
24.11.2008,00:00:00,1.49255,1.55340,1.48375,1.53420,717421.2096
01.12.2008,00:00:00,1.53405,1.53555,1.44670,1.47015,871689.5401000001
08.12.2008,00:00:00,1.47015,1.51190,1.46780,1.49850,1130481.713
15.12.2008,00:00:00,1.49845,1.57205,1.48115,1.49670,1241101.4689
22.12.2008,00:00:00,1.49665,1.49900,1.45585,1.46560,635160.1978000001
29.12.2008,00:00:00,1.46560,1.48245,1.43505,1.45230,756876.4439000001
05.01.2009,00:00:00,1.45225,1.53735,1.44250,1.50785,938137.3467
12.01.2009,00:00:00,1.50785,1.51145,1.44680,1.48730,1351743.2188999997
19.01.2009,00:00:00,1.48720,1.49080,1.35020,1.36120,1225032.3692
26.01.2009,00:00:00,1.36125,1.45570,1.35470,1.43835,1563776.6954999997
02.02.2009,00:00:00,1.43825,1.48630,1.40515,1.48155,1271289.0293
09.02.2009,00:00:00,1.48140,1.49855,1.41355,1.42335,1300188.1778
16.02.2009,00:00:00,1.42360,1.44820,1.40925,1.43715,1210242.3780999999
23.02.2009,00:00:00,1.43715,1.46605,1.41100,1.42195,1276149.7500999998
02.03.2009,00:00:00,1.42195,1.43060,1.39570,1.41605,1309001.3809
09.03.2009,00:00:00,1.41600,1.41810,1.36540,1.39565,1578498.0654999998
16.03.2009,00:00:00,1.39570,1.45965,1.38430,1.44755,1689095.3125999998
23.03.2009,00:00:00,1.44755,1.47790,1.42198,1.42750,1530907.7529
30.03.2009,01:00:00,1.42750,1.48990,1.41105,1.48840,1560809.2442999997
06.04.2009,01:00:00,1.48850,1.49585,1.45815,1.46100,1590440.8594999998
13.04.2009,01:00:00,1.46130,1.50665,1.46005,1.47680,1628756.588
20.04.2009,01:00:00,1.47685,1.47780,1.43960,1.46430,1829185.5255999998
27.04.2009,01:00:00,1.46425,1.49475,1.45145,1.49325,2018641.8068999997
04.05.2009,01:00:00,1.49321,1.52607,1.48355,1.52130,1896648.6875999998
11.05.2009,01:00:00,1.52125,1.53525,1.50595,1.51500,1874483.3809999998
18.05.2009,01:00:00,1.51500,1.59445,1.51155,1.59105,2005806.9942999997
25.05.2009,01:00:00,1.59105,1.62277,1.57770,1.61750,1851767.3711999997
01.06.2009,01:00:00,1.61750,1.66630,1.59199,1.59695,2266548.9746999997
08.06.2009,01:00:00,1.59695,1.66220,1.58020,1.64130,1503707.9102999999
15.06.2009,01:00:00,1.64138,1.65615,1.61859,1.64800,749414.794
22.06.2009,01:00:00,1.64800,1.66015,1.62085,1.65130,1749399.2159999998
29.06.2009,01:00:00,1.65105,1.67440,1.62800,1.63065,1594671.0470999999
06.07.2009,01:00:00,1.63050,1.63805,1.59830,1.61960,1994588.0059
13.07.2009,01:00:00,1.61950,1.64785,1.60330,1.63735,1884066.8175
20.07.2009,01:00:00,1.63735,1.65860,1.63105,1.64070,2063300.1934
27.07.2009,01:00:00,1.64090,1.67775,1.63390,1.67565,2835311.3242
03.08.2009,01:00:00,1.67565,1.70425,1.66510,1.66805,2175801.1133
10.08.2009,01:00:00,1.66805,1.67185,1.63900,1.64655,1259466.046
17.08.2009,01:00:00,1.64660,1.66240,1.62750,1.65120,1307430.4727999999
24.08.2009,01:00:00,1.65120,1.65445,1.61535,1.62665,1587526.1446
31.08.2009,01:00:00,1.62665,1.64190,1.61125,1.64150,1463706.4316999998
07.09.2009,01:00:00,1.64150,1.67415,1.63215,1.66525,1209754.7061999997
14.09.2009,01:00:00,1.66540,1.66600,1.62085,1.62505,1237383.7158000001
21.09.2009,01:00:00,1.62510,1.64675,1.58155,1.58590,1194578.4375999998
28.09.2009,01:00:00,1.58590,1.61255,1.57695,1.59295,1355430.1347999999
05.10.2009,01:00:00,1.59305,1.61200,1.58228,1.58465,1487349.3574
12.10.2009,01:00:00,1.58460,1.63990,1.57080,1.63520,1289473.8927
19.10.2009,01:00:00,1.63530,1.66935,1.62405,1.62670,1325387.0371999997
26.10.2009,00:00:00,1.62685,1.66030,1.62505,1.64130,1247840.7304
02.11.2009,00:00:00,1.64125,1.66708,1.62610,1.66285,1280999.0744
09.11.2009,00:00:00,1.66285,1.68425,1.65155,1.67250,1197966.1191999998
16.11.2009,00:00:00,1.67260,1.68780,1.64600,1.65000,1048055.3125000001
23.11.2009,00:00:00,1.64995,1.67460,1.62705,1.65005,1013049.2460999999
30.11.2009,00:00:00,1.64995,1.67215,1.63800,1.64705,1168473.7578
07.12.2009,00:00:00,1.64715,1.65155,1.61665,1.62260,1227669.4141
14.12.2009,00:00:00,1.62265,1.64110,1.60510,1.61275,1076874.8164000001
21.12.2009,00:00:00,1.61275,1.61645,1.59210,1.59475,752687.2785
28.12.2009,00:00:00,1.59475,1.62360,1.58315,1.61375,653571.3574
04.01.2010,00:00:00,1.61370,1.62415,1.58960,1.60870,1104317.7383
11.01.2010,00:00:00,1.60855,1.63545,1.60615,1.62875,1187888.9669
18.01.2010,00:00:00,1.62875,1.64575,1.60770,1.61145,1099973.4082999998
25.01.2010,00:00:00,1.61135,1.62755,1.59355,1.59710,1195667.0724
01.02.2010,00:00:00,1.59715,1.60690,1.55580,1.55995,1270865.7617
08.02.2010,00:00:00,1.56005,1.57650,1.55335,1.56640,1264922.8849
15.02.2010,00:00:00,1.56655,1.58155,1.53505,1.54685,1141933.6896
22.02.2010,00:00:00,1.54690,1.55750,1.51280,1.51795,1387737.3281999999
01.03.2010,00:00:00,1.51795,1.52030,1.47805,1.51415,1296859.3907
08.03.2010,00:00:00,1.51420,1.52170,1.48725,1.51950,1255751.4064
15.03.2010,00:00:00,1.51955,1.53815,1.49737,1.49925,1390369.4629999998
22.03.2010,00:00:00,1.49925,1.51120,1.47975,1.49125,1227975.4884
29.03.2010,01:00:00,1.49115,1.52980,1.48915,1.52555,1131878.1096
05.04.2010,01:00:00,1.52555,1.54665,1.51290,1.54345,1101148.5429
12.04.2010,01:00:00,1.54350,1.55225,1.52605,1.52845,1262189.9668
19.04.2010,01:00:00,1.52845,1.54730,1.51915,1.53865,1448876.9102
26.04.2010,01:00:00,1.53865,1.54975,1.51250,1.52990,1815695.336
03.05.2010,01:00:00,1.52990,1.53095,1.44755,1.48065,1524872.6524
10.05.2010,01:00:00,1.48025,1.50540,1.44650,1.44775,1315459.1915999998
17.05.2010,01:00:00,1.44775,1.45185,1.42275,1.44425,1258458.6367
24.05.2010,01:00:00,1.44425,1.46110,1.42580,1.44625,1212362.7948999999
31.05.2010,01:00:00,1.44625,1.47700,1.44039,1.44225,1347109.2618
07.06.2010,01:00:00,1.44225,1.47585,1.43460,1.46120,1539768.6797999998
14.06.2010,01:00:00,1.46125,1.48860,1.45695,1.48370,1287812.5781999999
21.06.2010,01:00:00,1.48370,1.50770,1.46875,1.50430,1155829.375
28.06.2010,01:00:00,1.50430,1.52290,1.48730,1.51860,1213420.3985000001
05.07.2010,01:00:00,1.51860,1.52405,1.50490,1.50725,1167754.3439
12.07.2010,01:00:00,1.50725,1.54710,1.49480,1.52915,1452315.7931
19.07.2010,01:00:00,1.52915,1.54490,1.51235,1.54440,1340899.4843000001
26.07.2010,01:00:00,1.54450,1.57320,1.54170,1.57085,1309927.75
02.08.2010,01:00:00,1.57085,1.59975,1.57000,1.59620,1128179.4884
09.08.2010,01:00:00,1.59610,1.59935,1.55615,1.55840,1369616.4161
16.08.2010,01:00:00,1.55840,1.57020,1.54620,1.55515,1284568.7656
23.08.2010,01:00:00,1.55515,1.56190,1.53715,1.55390,1527550.3477
30.08.2010,01:00:00,1.55385,1.55755,1.53260,1.54510,1261883.4474
06.09.2010,01:00:00,1.54510,1.55325,1.52965,1.53955,1430862.3477999999
13.09.2010,01:00:00,1.53960,1.57280,1.53470,1.56415,1277705.8964000002
20.09.2010,01:00:00,1.56410,1.58435,1.55030,1.58260,1181957.3379999998
27.09.2010,01:00:00,1.58260,1.59225,1.56690,1.58195,1589797.4648999998
04.10.2010,01:00:00,1.58195,1.60175,1.57485,1.59565,1258812.1759
11.10.2010,01:00:00,1.59565,1.61055,1.57550,1.59925,1425315.5429999998
18.10.2010,01:00:00,1.59925,1.59950,1.56500,1.56826,1356284.3087
25.10.2010,01:00:00,1.56826,1.60574,1.56775,1.60461,609813.4005000001
01.11.2010,00:00:00,1.60462,1.62981,1.59614,1.62038,531114.2969
08.11.2010,00:00:00,1.62031,1.62122,1.59515,1.61269,516915.297
15.11.2010,00:00:00,1.61261,1.61529,1.58384,1.59997,295389.3984
22.11.2010,00:00:00,1.60000,1.60841,1.55753,1.55881,296171.40390000003
29.11.2010,00:00:00,1.55880,1.57869,1.54841,1.57657,657990.0029000001
06.12.2010,00:00:00,1.57657,1.58614,1.56550,1.57919,608010.8076000001
13.12.2010,00:00:00,1.57915,1.59103,1.54538,1.55107,653112.1387
20.12.2010,00:00:00,1.55107,1.55759,1.53559,1.54069,492705.4747
27.12.2010,00:00:00,1.54069,1.56639,1.53439,1.55703,445282.14269999997
03.01.2011,00:00:00,1.55714,1.56452,1.54056,1.55415,623985.4376000001
10.01.2011,00:00:00,1.55415,1.58878,1.54745,1.58780,652028.3019000001
17.01.2011,00:00:00,1.58780,1.60586,1.58348,1.59916,692250.6427000001
24.01.2011,00:00:00,1.59902,1.60159,1.57507,1.58261,658432.9376
31.01.2011,00:00:00,1.58256,1.62773,1.58228,1.60974,768521.8829000001
07.02.2011,00:00:00,1.60974,1.61845,1.59628,1.60002,799390.3984000001
14.02.2011,00:00:00,1.60002,1.62625,1.59808,1.62477,955062.7803999999
21.02.2011,00:00:00,1.62477,1.62731,1.60304,1.60967,911336.508
28.02.2011,00:00:00,1.60967,1.63438,1.60714,1.62641,920561.5547
07.03.2011,00:00:00,1.62641,1.63409,1.59766,1.60685,838229.4883000001
14.03.2011,00:00:00,1.60685,1.62559,1.59774,1.62215,1105852.3146
21.03.2011,00:00:00,1.62215,1.64003,1.59962,1.60108,863038.8535000001
28.03.2011,01:00:00,1.60108,1.61504,1.59360,1.61226,865095.6396999999
04.04.2011,01:00:00,1.61227,1.64272,1.60910,1.63912,869415.3917
11.04.2011,01:00:00,1.63912,1.64256,1.62270,1.63140,864874.5956000001
18.04.2011,01:00:00,1.63140,1.65992,1.61653,1.65462,781154.4365
25.04.2011,01:00:00,1.65463,1.67453,1.64311,1.66944,779156.4923
02.05.2011,01:00:00,1.66949,1.67376,1.63417,1.63707,943502.125
09.05.2011,01:00:00,1.63707,1.65168,1.61463,1.61712,1016480.1876
16.05.2011,01:00:00,1.61705,1.63047,1.61052,1.62274,933443.5469
23.05.2011,01:00:00,1.62274,1.65117,1.60580,1.64844,922079.0254
30.05.2011,01:00:00,1.64844,1.65464,1.62838,1.64521,755639.7169
06.06.2011,01:00:00,1.64521,1.64718,1.62101,1.62298,811535.9326
13.06.2011,01:00:00,1.62298,1.64411,1.60783,1.61536,881258.2599000001
20.06.2011,01:00:00,1.61536,1.62623,1.59380,1.59521,852358.6817000001
27.06.2011,01:00:00,1.59521,1.61178,1.59110,1.60743,873780.3165000001
04.07.2011,01:00:00,1.60748,1.61397,1.59313,1.60294,743506.5274
11.07.2011,01:00:00,1.60296,1.61928,1.57800,1.61181,934074.0157000001
18.07.2011,01:00:00,1.61183,1.63426,1.60049,1.62969,846807.6271
25.07.2011,01:00:00,1.62969,1.64700,1.62607,1.64116,869863.5724000001
01.08.2011,01:00:00,1.64116,1.64749,1.62240,1.64218,1048390.0527
08.08.2011,01:00:00,1.64217,1.64715,1.61107,1.62825,1134913.0557
15.08.2011,01:00:00,1.62830,1.66175,1.62553,1.64738,920425.3643
22.08.2011,01:00:00,1.64738,1.65725,1.62074,1.63459,897914.4336999999
29.08.2011,01:00:00,1.63459,1.64541,1.61315,1.61637,763920.9375
05.09.2011,01:00:00,1.61637,1.61950,1.58233,1.58552,902724.2715
12.09.2011,01:00:00,1.58554,1.58855,1.57060,1.57095,970833.8829
19.09.2011,01:00:00,1.57095,1.57553,1.53274,1.54745,964510.8224000001
26.09.2011,01:00:00,1.54745,1.57152,1.54318,1.55699,1019134.8711999999
03.10.2011,01:00:00,1.55700,1.56457,1.52714,1.55499,1100375.4259
10.10.2011,01:00:00,1.55500,1.58518,1.55424,1.58159,985410.6642000001
17.10.2011,01:00:00,1.58160,1.59731,1.56314,1.59403,1032973.6934
24.10.2011,01:00:00,1.59404,1.61517,1.58904,1.61097,964234.6797
31.10.2011,00:00:00,1.61097,1.61659,1.58760,1.60324,1131978.9922
07.11.2011,00:00:00,1.60330,1.61293,1.58682,1.60754,1002460.8145
14.11.2011,00:00:00,1.60756,1.60916,1.56905,1.57737,1137519.3888
21.11.2011,00:00:00,1.57737,1.57753,1.54229,1.54839,1109359.0022
28.11.2011,00:00:00,1.54839,1.57794,1.54589,1.56044,1110661.0703999999
05.12.2011,00:00:00,1.56044,1.57694,1.55610,1.56521,1054071.4552
12.12.2011,00:00:00,1.56520,1.56571,1.54090,1.55203,1142652.3106000002
19.12.2011,00:00:00,1.55203,1.57737,1.54645,1.55913,929917.7729999999
26.12.2011,00:00:00,1.55930,1.56915,1.53617,1.55011,600127.5344
02.01.2012,00:00:00,1.55011,1.56694,1.53750,1.54159,863858.4843000001
09.01.2012,00:00:00,1.54159,1.55002,1.52336,1.53009,1099049.4512
16.01.2012,00:00:00,1.53009,1.55781,1.52817,1.55425,1047444.8047000001
23.01.2012,00:00:00,1.55426,1.57390,1.55164,1.57221,1092748.7619
30.01.2012,00:00:00,1.57221,1.58826,1.56536,1.57995,1124228.5587
06.02.2012,00:00:00,1.57993,1.59281,1.57298,1.57763,914008.1192000001
13.02.2012,00:00:00,1.57764,1.58777,1.56442,1.58652,891589.6719999999
20.02.2012,00:00:00,1.58652,1.59008,1.56480,1.58832,754943.2735
27.02.2012,00:00:00,1.58832,1.59916,1.57990,1.58301,793187.5792
05.03.2012,00:00:00,1.58297,1.58815,1.56557,1.56661,649219.6719
12.03.2012,00:00:00,1.56660,1.58607,1.56020,1.58344,694314.7198000001
19.03.2012,00:00:00,1.58344,1.59228,1.57699,1.58776,691868.9639
26.03.2012,01:00:00,1.58776,1.60367,1.58008,1.60101,696864.6192000001
02.04.2012,01:00:00,1.60101,1.60622,1.58050,1.58756,591161.8477
09.04.2012,01:00:00,1.58758,1.59842,1.58084,1.58359,654305.3739000001
16.04.2012,01:00:00,1.58359,1.61496,1.58187,1.61304,771057.9464000001
23.04.2012,01:00:00,1.61302,1.62799,1.60760,1.62782,766361.3711999999
30.04.2012,01:00:00,1.62784,1.63008,1.61160,1.61168,664695.1113999999
07.05.2012,01:00:00,1.61170,1.61975,1.60495,1.60720,789373.6006
14.05.2012,01:00:00,1.60719,1.61226,1.57319,1.58107,868484.8653999999
21.05.2012,01:00:00,1.58105,1.58477,1.56300,1.56780,887717.9902
28.05.2012,01:00:00,1.56782,1.57162,1.52677,1.53478,847873.465
04.06.2012,01:00:00,1.53478,1.56000,1.53207,1.55352,841201.6290000001
11.06.2012,01:00:00,1.55350,1.57860,1.54538,1.57125,869829.6749000001
18.06.2012,01:00:00,1.57125,1.57770,1.55456,1.55808,943842.0362
25.06.2012,01:00:00,1.55810,1.57143,1.54846,1.56779,919304.7470000002
02.07.2012,01:00:00,1.56778,1.57216,1.54600,1.54787,816816.3985
09.07.2012,01:00:00,1.54787,1.55925,1.53924,1.55797,800869.6319999999
16.07.2012,01:00:00,1.55797,1.57369,1.55165,1.56084,872125.0050000001
23.07.2012,01:00:00,1.56082,1.57671,1.54581,1.57250,1042499.8409
30.07.2012,01:00:00,1.57251,1.57313,1.54899,1.56522,921661.4239
06.08.2012,01:00:00,1.56520,1.57007,1.55460,1.56649,789427.4829000001
13.08.2012,01:00:00,1.56648,1.57439,1.56359,1.56869,657106.9415000001
20.08.2012,01:00:00,1.56870,1.59121,1.56773,1.57994,707222.8351
27.08.2012,01:00:00,1.57994,1.58949,1.57535,1.58648,624360.4034
03.09.2012,01:00:00,1.58650,1.60336,1.58256,1.60062,703399.3833
10.09.2012,01:00:00,1.60063,1.62550,1.59583,1.62219,733017.0304
17.09.2012,01:00:00,1.62217,1.63089,1.61627,1.62298,692639.6259
24.09.2012,01:00:00,1.62298,1.62717,1.61145,1.61210,668863.3829
01.10.2012,01:00:00,1.61210,1.62164,1.60660,1.61353,690435.9571
08.10.2012,01:00:00,1.61353,1.61353,1.59756,1.60560,658316.1441
15.10.2012,01:00:00,1.60560,1.61778,1.59899,1.59969,638756.8588
22.10.2012,01:00:00,1.59969,1.61427,1.59130,1.60852,644235.7953000001
29.10.2012,00:00:00,1.60857,1.61745,1.60035,1.60175,533332.9204
05.11.2012,00:00:00,1.60175,1.60418,1.58874,1.58913,590501.919
12.11.2012,00:00:00,1.58913,1.59149,1.58267,1.58966,534306.0147
19.11.2012,00:00:00,1.58973,1.60507,1.58823,1.60291,486314.3409
26.11.2012,00:00:00,1.60290,1.60620,1.59618,1.60218,565574.2968
03.12.2012,00:00:00,1.60218,1.61305,1.60019,1.60343,533874.2803
10.12.2012,00:00:00,1.60342,1.61988,1.60135,1.61732,507380.79799999995
17.12.2012,00:00:00,1.61729,1.63061,1.61478,1.61500,611012.587
24.12.2012,00:00:00,1.61500,1.62057,1.60663,1.61600,394738.5996
31.12.2012,00:00:00,1.61599,1.63823,1.60092,1.60665,542902.7336
07.01.2013,00:00:00,1.60665,1.61766,1.59920,1.61212,734228.3883
14.01.2013,00:00:00,1.61217,1.61540,1.58424,1.58549,800446.6050999999
21.01.2013,00:00:00,1.58547,1.58929,1.57455,1.57734,766746.5382
28.01.2013,00:00:00,1.57734,1.58780,1.56738,1.57007,790352.1734000001
04.02.2013,00:00:00,1.57007,1.58441,1.56300,1.57984,810832.2456999999
11.02.2013,00:00:00,1.57982,1.58096,1.54606,1.54763,772988.9449
18.02.2013,00:00:00,1.54763,1.55069,1.50714,1.50944,740109.6630000001
25.02.2013,00:00:00,1.50943,1.52211,1.49853,1.50311,944311.8061999999
04.03.2013,00:00:00,1.50313,1.51984,1.48853,1.49064,728725.8653
11.03.2013,00:00:00,1.49065,1.51762,1.48287,1.51017,748336.1865
18.03.2013,00:00:00,1.51017,1.52599,1.50265,1.52406,859270.5948000001
25.03.2013,00:00:00,1.52406,1.52581,1.50923,1.51947,651877.1532000001
01.04.2013,01:00:00,1.51947,1.53630,1.50332,1.53486,624186.8008
08.04.2013,01:00:00,1.53485,1.54113,1.52397,1.53524,665390.7412999999
15.04.2013,01:00:00,1.53525,1.53847,1.52160,1.52243,825763.2842000001
22.04.2013,01:00:00,1.52242,1.54984,1.51963,1.54893,652137.9766
29.04.2013,01:00:00,1.54894,1.56051,1.54675,1.55740,584998.151
06.05.2013,01:00:00,1.55741,1.55976,1.53138,1.53435,598988.1982000001
13.05.2013,01:00:00,1.53436,1.53845,1.51576,1.51745,790231.5484
20.05.2013,01:00:00,1.51744,1.52808,1.50133,1.51286,788282.5483
27.05.2013,01:00:00,1.51285,1.52394,1.50077,1.52061,665153.8619
03.06.2013,01:00:00,1.52061,1.56837,1.51954,1.55246,800346.9171
10.06.2013,01:00:00,1.55248,1.57373,1.54942,1.57307,771297.8678
17.06.2013,01:00:00,1.57306,1.57515,1.53680,1.53870,513059.10099999997
24.06.2013,01:00:00,1.53867,1.54772,1.51654,1.52086,514284.13699999993
01.07.2013,01:00:00,1.52081,1.53042,1.48570,1.48589,451310.38090000005
08.07.2013,01:00:00,1.48589,1.52219,1.48130,1.51097,527118.6548
15.07.2013,01:00:00,1.51097,1.52855,1.50276,1.52851,495439.37380000006
22.07.2013,01:00:00,1.52853,1.54344,1.52631,1.53905,855252.7900000002
29.07.2013,01:00:00,1.53909,1.54133,1.51020,1.52860,482473.5425
05.08.2013,01:00:00,1.52861,1.55741,1.52047,1.55143,453079.97219999996
12.08.2013,01:00:00,1.55141,1.56565,1.54221,1.56235,492856.4574
19.08.2013,01:00:00,1.56239,1.57171,1.55389,1.55791,481385.33929999993
26.08.2013,01:00:00,1.55791,1.56115,1.54288,1.55171,421508.5814
02.09.2013,01:00:00,1.55172,1.56807,1.55054,1.56322,416363.55289999995
09.09.2013,01:00:00,1.56325,1.59501,1.56280,1.59361,383948.81000000006
16.09.2013,01:00:00,1.59361,1.61631,1.58850,1.60164,447467.9023
23.09.2013,01:00:00,1.60165,1.61704,1.59555,1.61665,378499.52150000003
30.09.2013,01:00:00,1.61665,1.62600,1.60055,1.60394,438683.00720000005
07.10.2013,01:00:00,1.60393,1.61243,1.59139,1.59661,404616.8843
14.10.2013,01:00:00,1.59660,1.62250,1.58940,1.61698,442458.60569999996
21.10.2013,01:00:00,1.61697,1.62565,1.61157,1.61719,415628.15089999995
28.10.2013,00:00:00,1.61719,1.62080,1.59087,1.59216,489404.45029999997
04.11.2013,00:00:00,1.59215,1.61177,1.59033,1.60018,481039.54050000006
11.11.2013,00:00:00,1.60019,1.61342,1.58540,1.61121,480852.49370000005
18.11.2013,00:00:00,1.61121,1.62400,1.60590,1.62317,524428.1435
25.11.2013,00:00:00,1.62314,1.63841,1.61329,1.63774,462661.1151
02.12.2013,00:00:00,1.63772,1.64418,1.62921,1.63265,559794.3059
09.12.2013,00:00:00,1.63265,1.64657,1.62625,1.62979,404365.2511
16.12.2013,00:00:00,1.62981,1.64836,1.62189,1.63290,439026.30659999995
23.12.2013,00:00:00,1.63289,1.65772,1.63222,1.64792,261963.5882
30.12.2013,00:00:00,1.64792,1.66031,1.63950,1.64106,350534.36329999997
06.01.2014,00:00:00,1.64108,1.65170,1.63370,1.64938,445844.46979999996
13.01.2014,00:00:00,1.64940,1.65076,1.63090,1.64173,427271.6619
20.01.2014,00:00:00,1.64172,1.66679,1.63949,1.64919,436135.1605
27.01.2014,00:00:00,1.64921,1.66253,1.64179,1.64368,467178.7166
03.02.2014,00:00:00,1.64367,1.64374,1.62522,1.64079,464336.3691
10.02.2014,00:00:00,1.64077,1.67687,1.63827,1.67629,446649.0703
17.02.2014,00:00:00,1.67629,1.68223,1.66112,1.66309,432866.8668
24.02.2014,00:00:00,1.66310,1.67690,1.65834,1.67339,433745.9659
03.03.2014,00:00:00,1.67339,1.67857,1.66410,1.67302,408220.55350000004
10.03.2014,00:00:00,1.67297,1.67413,1.65685,1.66406,389825.6655
17.03.2014,00:00:00,1.66405,1.66657,1.64567,1.64930,377405.9146000001
24.03.2014,00:00:00,1.64930,1.66557,1.64655,1.66463,416496.5819
31.03.2014,01:00:00,1.66461,1.66837,1.65539,1.65788,348802.50840000005
07.04.2014,01:00:00,1.65787,1.68200,1.65653,1.67281,356447.7008
14.04.2014,01:00:00,1.67283,1.68418,1.66583,1.67841,323981.3189
21.04.2014,01:00:00,1.67838,1.68392,1.67626,1.68039,288474.64910000004
28.04.2014,01:00:00,1.68041,1.69196,1.67773,1.68782,343553.49630000006
05.05.2014,01:00:00,1.68782,1.69961,1.68321,1.68587,348424.6878
12.05.2014,01:00:00,1.68587,1.69029,1.67320,1.68233,394695.4129
19.05.2014,01:00:00,1.68232,1.69207,1.68021,1.68326,410778.0882
26.05.2014,01:00:00,1.68326,1.68820,1.66928,1.67551,393642.19959999993
02.06.2014,01:00:00,1.67550,1.68451,1.66986,1.68064,488213.0874
09.06.2014,01:00:00,1.68063,1.69919,1.67379,1.69766,529421.7544
16.06.2014,01:00:00,1.69766,1.70625,1.69204,1.70202,489721.2311000001
23.06.2014,01:00:00,1.70202,1.70509,1.69522,1.70351,423937.59390000004
30.06.2014,01:00:00,1.70351,1.71791,1.70084,1.71529,446366.44430000003
07.07.2014,01:00:00,1.71529,1.71675,1.70851,1.71214,440648.3853000001
14.07.2014,01:00:00,1.71211,1.71910,1.70361,1.70884,474948.2589
21.07.2014,01:00:00,1.70883,1.70992,1.69610,1.69808,523113.74860000005
28.07.2014,01:00:00,1.69808,1.70006,1.68140,1.68248,640157.476
04.08.2014,01:00:00,1.68248,1.68882,1.67664,1.67760,539170.4900999999
11.08.2014,01:00:00,1.67760,1.68434,1.66572,1.67179,491107.0424
18.08.2014,01:00:00,1.67178,1.67373,1.65355,1.65481,442163.72849999997
25.08.2014,01:00:00,1.65480,1.66133,1.65363,1.65905,530077.3126
01.09.2014,01:00:00,1.65905,1.66435,1.61615,1.62131,626139.8106
08.09.2014,01:00:00,1.62131,1.62783,1.60518,1.62580,975510.7081000002
15.09.2014,01:00:00,1.62580,1.65239,1.61618,1.63085,1090784.6446
22.09.2014,01:00:00,1.63085,1.64152,1.62132,1.62386,794592.2320000001
29.09.2014,01:00:00,1.62386,1.62866,1.59516,1.59618,950384.5049
06.10.2014,01:00:00,1.59618,1.62264,1.59594,1.60911,846296.5254
13.10.2014,01:00:00,1.60908,1.61260,1.58747,1.60896,1043591.4268
20.10.2014,01:00:00,1.60895,1.61842,1.59944,1.60894,860567.6861
27.10.2014,00:00:00,1.60896,1.61820,1.59415,1.59705,939867.2354
03.11.2014,00:00:00,1.59705,1.60217,1.57900,1.58809,1103499.6729999997
10.11.2014,00:00:00,1.58807,1.59441,1.55923,1.56640,957146.3116
17.11.2014,00:00:00,1.56642,1.57368,1.55897,1.56442,1002824.4677
24.11.2014,00:00:00,1.56443,1.58252,1.56021,1.56112,902814.5732
01.12.2014,00:00:00,1.56111,1.57636,1.55609,1.55654,1238146.2354999997
08.12.2014,00:00:00,1.55654,1.57565,1.55412,1.57226,1323875.75
15.12.2014,00:00:00,1.57226,1.57853,1.55417,1.56272,1284569.5865999998
22.12.2014,00:00:00,1.56273,1.56650,1.54858,1.55511,527898.5402
29.12.2014,00:00:00,1.55518,1.56203,1.51535,1.52844,652274.3839
05.01.2015,00:00:00,1.52833,1.53193,1.50342,1.51889,1051706.8868
12.01.2015,00:00:00,1.51883,1.52689,1.50752,1.51404,1168573.1578000002
19.01.2015,00:00:00,1.51409,1.52122,1.49511,1.49921,1178774.6777999997
26.01.2015,00:00:00,1.49920,1.52235,1.49887,1.50836,1162440.6535000002
02.02.2015,00:00:00,1.50836,1.53521,1.49883,1.52389,1162701.2597999999
09.02.2015,00:00:00,1.52389,1.54245,1.51961,1.54013,1232880.7334999999
16.02.2015,00:00:00,1.54013,1.54794,1.53160,1.53869,1127571.5758
23.02.2015,00:00:00,1.53863,1.55519,1.53323,1.54045,1111443.6543
02.03.2015,00:00:00,1.54046,1.54207,1.50304,1.50570,1045282.337
09.03.2015,00:00:00,1.50573,1.51368,1.47000,1.47537,1431448.9385999998
16.03.2015,00:00:00,1.47536,1.51611,1.46347,1.49412,1251966.9005999998
23.03.2015,00:00:00,1.49413,1.49941,1.47963,1.48827,1450566.4825
30.03.2015,01:00:00,1.48826,1.49442,1.47394,1.49193,1291434.8067999997
06.04.2015,01:00:00,1.49193,1.49810,1.45869,1.46361,1126498.8878
13.04.2015,01:00:00,1.46364,1.50535,1.45656,1.49635,1349956.0753
20.04.2015,01:00:00,1.49635,1.51876,1.48562,1.51731,1328967.2315999998
27.04.2015,01:00:00,1.51732,1.54978,1.51067,1.51524,1411727.3477999999
04.05.2015,01:00:00,1.51523,1.55220,1.50889,1.54372,1483680.7803999998
11.05.2015,01:00:00,1.54370,1.58144,1.53928,1.57381,1475957.9375999998
18.05.2015,01:00:00,1.57381,1.57382,1.54463,1.54718,1075957.0513000002
25.05.2015,01:00:00,1.54717,1.55073,1.52361,1.52858,676023.6625999999
01.06.2015,01:00:00,1.52860,1.54415,1.51699,1.52621,809743.6582000001
08.06.2015,01:00:00,1.52621,1.55979,1.52211,1.55650,796107.6792
15.06.2015,01:00:00,1.55650,1.59294,1.54872,1.58721,722129.806
22.06.2015,01:00:00,1.58719,1.59096,1.56621,1.56882,613766.2287
29.06.2015,01:00:00,1.56882,1.57889,1.55302,1.55495,702467.2246999999
06.07.2015,01:00:00,1.55498,1.56282,1.53298,1.55127,792627.2080000001
13.07.2015,01:00:00,1.55125,1.56753,1.54504,1.56034,857215.8662999999
20.07.2015,01:00:00,1.56033,1.56706,1.54667,1.55211,687048.9868999999
27.07.2015,01:00:00,1.55213,1.56898,1.54905,1.56211,601510.8805
03.08.2015,01:00:00,1.56211,1.56510,1.54245,1.54862,611627.6469
10.08.2015,01:00:00,1.54862,1.56601,1.54581,1.56475,648973.6022000001
17.08.2015,01:00:00,1.56478,1.57233,1.55621,1.56743,801615.7646999999
24.08.2015,01:00:00,1.56742,1.58181,1.53350,1.54145,931076.0014000001
31.08.2015,01:00:00,1.54145,1.54368,1.51639,1.51949,632346.4556
07.09.2015,01:00:00,1.51948,1.54754,1.51712,1.54451,650891.7891
14.09.2015,01:00:00,1.54451,1.56585,1.53295,1.55269,643918.2115000001
21.09.2015,01:00:00,1.55268,1.55677,1.51352,1.52016,667794.753
28.09.2015,01:00:00,1.52013,1.52409,1.51069,1.51851,663132.4512
05.10.2015,01:00:00,1.51846,1.53831,1.51367,1.53197,674558.9981
12.10.2015,01:00:00,1.53196,1.55084,1.52003,1.54337,724700.0597000001
19.10.2015,01:00:00,1.54337,1.55082,1.53047,1.53132,638487.6524
26.10.2015,00:00:00,1.53132,1.54676,1.52421,1.54387,629391.4984
02.11.2015,00:00:00,1.54386,1.54968,1.50268,1.50514,623668.8459
09.11.2015,00:00:00,1.50514,1.52633,1.50482,1.52170,565521.3741
16.11.2015,00:00:00,1.52171,1.53355,1.51542,1.51877,590625.7656
23.11.2015,00:00:00,1.51877,1.51899,1.50297,1.50367,585869.7021999999
30.11.2015,00:00:00,1.50367,1.51590,1.48946,1.51086,777575.0974
07.12.2015,00:00:00,1.51088,1.52398,1.49567,1.51949,757069.6094000001
14.12.2015,00:00:00,1.51950,1.52048,1.48648,1.49067,786216.0713000001
21.12.2015,00:00:00,1.49064,1.49449,1.48052,1.49223,432407.3873
28.12.2015,00:00:00,1.49226,1.49313,1.47262,1.47352,401178.2971
04.01.2016,00:00:00,1.47352,1.48160,1.44921,1.45241,776765.169
11.01.2016,00:00:00,1.45241,1.46042,1.42485,1.42715,804844.4004
18.01.2016,00:00:00,1.42713,1.43627,1.40793,1.42525,832902.273
25.01.2016,00:00:00,1.42529,1.44130,1.41491,1.42436,825622.8141
01.02.2016,00:00:00,1.42437,1.46680,1.42346,1.45078,895098.3149
08.02.2016,00:00:00,1.45075,1.45783,1.43519,1.45182,1009571.1309
15.02.2016,00:00:00,1.45182,1.45350,1.42351,1.42618,837662.0254
22.02.2016,00:00:00,1.42618,1.42972,1.38535,1.38606,885183.7442000001
29.02.2016,00:00:00,1.38606,1.42484,1.38358,1.42094,953072.2481
07.03.2016,00:00:00,1.42096,1.44361,1.41178,1.43779,869391.2823000001
14.03.2016,00:00:00,1.43778,1.45141,1.40526,1.44608,822962.8351
21.03.2016,00:00:00,1.44608,1.44662,1.40568,1.41290,627435.5078
28.03.2016,01:00:00,1.41290,1.44588,1.41199,1.42244,744028.1871
04.04.2016,01:00:00,1.42244,1.43215,1.40048,1.41299,761250.6881000001
11.04.2016,01:00:00,1.41299,1.43476,1.40903,1.41787,725352.422
18.04.2016,01:00:00,1.41788,1.44692,1.41310,1.44437,748167.4776000001
25.04.2016,01:00:00,1.44436,1.46700,1.44025,1.46028,899047.3637999999
02.05.2016,01:00:00,1.46028,1.47698,1.44108,1.44251,783370.7945
09.05.2016,01:00:00,1.44249,1.45303,1.43403,1.43504,708040.6563
16.05.2016,01:00:00,1.43502,1.46629,1.43323,1.44883,704148.2979000001
23.05.2016,01:00:00,1.44883,1.47394,1.44422,1.46224,722115.4008999999
30.05.2016,01:00:00,1.46221,1.47253,1.43517,1.43870,700278.1358
06.06.2016,01:00:00,1.43870,1.46607,1.41582,1.41875,712010.0791999999
13.06.2016,01:00:00,1.41874,1.46122,1.40123,1.45801,732965.0821
20.06.2016,01:00:00,1.45801,1.50177,1.32271,1.34398,1146925.7657
27.06.2016,01:00:00,1.34398,1.35328,1.31208,1.32822,992480.5093999999
04.07.2016,01:00:00,1.32824,1.33403,1.27971,1.29413,916763.7711
11.07.2016,01:00:00,1.29414,1.34802,1.28502,1.32318,1040153.3604
18.07.2016,01:00:00,1.32318,1.33144,1.30644,1.31224,1909444.5898999998
25.07.2016,01:00:00,1.31222,1.33010,1.30571,1.32159,2597405.3164999997
01.08.2016,01:00:00,1.32159,1.33714,1.30209,1.30741,2329773.8027999997
08.08.2016,01:00:00,1.30741,1.30965,1.29003,1.29076,1567043.008
15.08.2016,01:00:00,1.29084,1.31854,1.28658,1.30614,1623422.6387999998
22.08.2016,01:00:00,1.30614,1.32789,1.30340,1.31253,1807556.2247
29.08.2016,01:00:00,1.31253,1.33522,1.30592,1.32938,1885522.4404999998
05.09.2016,01:00:00,1.32938,1.34448,1.32391,1.32716,2017497.9386
12.09.2016,01:00:00,1.32717,1.33469,1.29953,1.30122,2414076.3087
19.09.2016,01:00:00,1.30122,1.31207,1.29145,1.29773,2623812.9474
26.09.2016,01:00:00,1.29773,1.30580,1.29161,1.29289,2550720.0195999998
03.10.2016,01:00:00,1.29289,1.29460,1.19198,1.24345,2614060.8046999997
10.10.2016,01:00:00,1.24345,1.24441,1.20893,1.21757,2411847.5782
17.10.2016,01:00:00,1.21757,1.23311,1.21356,1.22177,1932271.2736999998
24.10.2016,01:00:00,1.22175,1.22711,1.20825,1.22056,781468.9345999999
31.10.2016,00:00:00,1.22056,1.25571,1.21436,1.24863,819911.1418
07.11.2016,00:00:00,1.24863,1.26733,1.23528,1.25757,995326.0557
14.11.2016,00:00:00,1.25757,1.25796,1.23020,1.23224,984351.0371
21.11.2016,00:00:00,1.23223,1.25124,1.23123,1.24790,820580.0188000001
28.11.2016,00:00:00,1.24787,1.27367,1.23854,1.26675,856158.3184999999
05.12.2016,00:00:00,1.26675,1.27744,1.25492,1.25934,781173.0645
12.12.2016,00:00:00,1.25934,1.27277,1.23760,1.24890,899037.2167999999
19.12.2016,00:00:00,1.24890,1.25022,1.22284,1.22878,678695.4199000001
26.12.2016,00:00:00,1.22870,1.23877,1.22006,1.23426,529080.6524
02.01.2017,00:00:00,1.23427,1.24320,1.21994,1.22571,722384.3442
09.01.2017,00:00:00,1.22575,1.23168,1.19925,1.20371,945190.6896
16.01.2017,00:00:00,1.20374,1.24150,1.19870,1.23849,1044214.2515
23.01.2017,00:00:00,1.23847,1.26731,1.23809,1.25946,963347.9395
30.01.2017,00:00:00,1.25946,1.27060,1.24122,1.24826,879994.5101000001
06.02.2017,00:00:00,1.24824,1.25821,1.23467,1.24813,818847.982
13.02.2017,00:00:00,1.24811,1.25483,1.23828,1.24287,791318.8571
20.02.2017,00:00:00,1.24284,1.25698,1.23914,1.23995,713466.9532
27.02.2017,00:00:00,1.23996,1.24785,1.22142,1.22998,730149.7949999999
06.03.2017,00:00:00,1.22998,1.22998,1.21344,1.21701,687148.9311
13.03.2017,00:00:00,1.21698,1.24047,1.21092,1.23833,760429.2193
20.03.2017,00:00:00,1.23833,1.25307,1.23350,1.25131,669098.5742000001
27.03.2017,01:00:00,1.25131,1.26151,1.23767,1.25400,693634.4985000001
03.04.2017,01:00:00,1.25400,1.25538,1.23652,1.23741,668489.2227
10.04.2017,01:00:00,1.23740,1.25742,1.23679,1.25352,653754.377
17.04.2017,01:00:00,1.25349,1.29053,1.25151,1.28229,751775.2627
24.04.2017,01:00:00,1.28228,1.29648,1.27721,1.29315,786333.548
01.05.2017,01:00:00,1.29316,1.29888,1.28308,1.29680,613318.2286
08.05.2017,01:00:00,1.29676,1.29879,1.28447,1.28836,768567.4336
15.05.2017,01:00:00,1.28836,1.30476,1.28654,1.30094,803006.5611
22.05.2017,01:00:00,1.30092,1.30429,1.27754,1.28134,717504.3501
29.05.2017,01:00:00,1.28134,1.29208,1.27692,1.28672,607011.0771
05.06.2017,01:00:00,1.28671,1.29774,1.26352,1.27429,673601.9209
12.06.2017,01:00:00,1.27424,1.28177,1.26385,1.27743,699192.4258
19.06.2017,01:00:00,1.27743,1.28144,1.25890,1.27446,686999.8672000001
26.06.2017,01:00:00,1.27446,1.30298,1.27061,1.30151,738449.6974
03.07.2017,01:00:00,1.30151,1.30223,1.28666,1.28902,670862.8999999999
10.07.2017,01:00:00,1.28900,1.31135,1.28116,1.31093,632420.4161
17.07.2017,01:00:00,1.31093,1.31253,1.29329,1.30047,684475.5162
24.07.2017,01:00:00,1.30047,1.31585,1.29894,1.31430,680067.7862000002
31.07.2017,01:00:00,1.31430,1.32679,1.30238,1.30456,615547.3437
07.08.2017,01:00:00,1.30457,1.30589,1.29393,1.30049,544203.9561000001
14.08.2017,01:00:00,1.30048,1.30217,1.28313,1.28712,635436.2945000001
21.08.2017,01:00:00,1.28712,1.29248,1.27738,1.29032,596730.9942999999
28.08.2017,01:00:00,1.29032,1.29951,1.28526,1.29636,667590.3056000001
04.09.2017,01:00:00,1.29634,1.32240,1.29088,1.31968,708353.8287000001
11.09.2017,01:00:00,1.31968,1.36165,1.31488,1.35768,762642.588
18.09.2017,01:00:00,1.35768,1.36574,1.34496,1.35044,1024569.6992
25.09.2017,01:00:00,1.35044,1.35706,1.33429,1.33930,798463.0454999999
02.10.2017,01:00:00,1.33930,1.33954,1.30270,1.30825,738548.5499
09.10.2017,01:00:00,1.30823,1.33375,1.30751,1.32881,677990.6122000001
16.10.2017,01:00:00,1.32880,1.33115,1.30876,1.31909,697892.1392000001
23.10.2017,01:00:00,1.31907,1.32790,1.30697,1.31340,667613.5181999999
30.10.2017,00:00:00,1.31340,1.33206,1.30390,1.30793,680699.2118
06.11.2017,00:00:00,1.30793,1.32292,1.30583,1.31199,729230.6867
13.11.2017,00:00:00,1.31197,1.32601,1.30619,1.31987,760715.321
20.11.2017,00:00:00,1.31986,1.33600,1.31854,1.33234,670149.0908999998
27.11.2017,00:00:00,1.33235,1.35491,1.32208,1.34897,898893.9571000001
04.12.2017,00:00:00,1.34897,1.35383,1.33198,1.33901,863007.2982
11.12.2017,00:00:00,1.33900,1.34658,1.33013,1.33152,886807.4169999999
18.12.2017,00:00:00,1.33155,1.34199,1.33101,1.33478,828165.0437999999
25.12.2017,00:00:00,1.33478,1.35440,1.33473,1.34944,584706.7905
01.01.2018,00:00:00,1.34944,1.36124,1.34944,1.35755,655086.2989999998
08.01.2018,00:00:00,1.35755,1.37440,1.34579,1.37311,823455.8004999999
15.01.2018,00:00:00,1.37317,1.39449,1.37294,1.38903,998022.7981999998
22.01.2018,00:00:00,1.38903,1.43451,1.38569,1.41501,1256713.2876
29.01.2018,00:00:00,1.41501,1.42781,1.39798,1.41100,1308216.5468000004
05.02.2018,00:00:00,1.41101,1.41501,1.37642,1.38234,1471162.2634000003
12.02.2018,00:00:00,1.38234,1.41444,1.37958,1.40313,1193298.0588000002
19.02.2018,00:00:00,1.40313,1.40488,1.38565,1.39680,1074247.9005999996
26.02.2018,00:00:00,1.39680,1.40696,1.37115,1.37948,916306.6084000005
05.03.2018,00:00:00,1.37948,1.39291,1.37664,1.38552,882261.5199999976
12.03.2018,00:00:00,1.38552,1.39955,1.38410,1.39427,744829.7893999979