02.01.2006,00:00:00,515.701,539.830,514.953,538.503,103679896.8315
09.01.2006,00:00:00,538.596,557.362,534.734,555.066,102595472.3954
16.01.2006,00:00:00,555.664,567.496,538.940,552.512,116857903.12280001
23.01.2006,00:00:00,552.716,566.205,548.336,558.591,123689065.0989
30.01.2006,00:00:00,558.517,574.675,557.122,566.570,125519229.7101
06.02.2006,00:00:00,567.345,573.500,544.021,550.325,127574682.5933
13.02.2006,00:00:00,549.604,554.030,533.898,551.006,127370793.581
20.02.2006,00:00:00,551.519,559.188,546.336,556.495,117871734.8576
27.02.2006,00:00:00,558.201,570.530,551.497,565.006,123025018.51310001
06.03.2006,00:00:00,565.496,568.002,533.513,540.435,126733722.2696
13.03.2006,00:00:00,540.710,557.507,539.791,553.371,123145090.1031
20.03.2006,00:00:00,553.323,560.783,544.189,558.291,119312270.4029
27.03.2006,01:00:00,558.529,589.340,557.455,583.011,131528393.1493
03.04.2006,01:00:00,583.134,597.753,581.127,589.291,135585719.34700003
10.04.2006,01:00:00,590.673,603.800,590.113,597.281,128380831.18210001
17.04.2006,01:00:00,598.163,645.460,598.101,635.934,136482910.2159
24.04.2006,01:00:00,638.451,655.358,617.123,651.880,129544365.2868
01.05.2006,01:00:00,652.511,685.552,650.946,684.507,134261790.991
08.05.2006,01:00:00,684.537,730.050,670.453,713.056,137776372.43269998
15.05.2006,01:00:00,712.874,719.645,650.671,656.456,138386374.7119
22.05.2006,01:00:00,657.151,674.453,634.596,652.210,140882313.72829998
29.05.2006,01:00:00,651.588,664.427,617.843,639.124,123728507.5188
05.06.2006,01:00:00,639.322,645.320,600.123,606.895,137856977.8204
12.06.2006,01:00:00,606.894,611.423,542.184,578.181,127815897.94160001
19.06.2006,01:00:00,578.436,594.727,559.777,585.592,136762056.3508
26.06.2006,01:00:00,585.478,616.067,576.617,613.207,136803694.60599998
03.07.2006,01:00:00,615.466,636.997,615.296,628.510,121285665.39289999
10.07.2006,01:00:00,628.642,673.487,619.364,668.716,135374171.257
17.07.2006,01:00:00,668.563,675.816,614.807,615.850,138735421.4192
24.07.2006,01:00:00,615.770,640.541,601.459,638.184,131391934.87160002
31.07.2006,01:00:00,638.169,655.951,628.167,646.474,136243635.4161
07.08.2006,01:00:00,646.703,654.588,625.792,629.843,132886829.01849999
14.08.2006,01:00:00,627.995,632.973,606.601,613.162,135031219.9593
21.08.2006,01:00:00,613.869,629.971,612.880,622.193,135008209.3477
28.08.2006,01:00:00,622.231,627.384,606.492,625.234,135311400.8904
04.09.2006,01:00:00,625.159,640.301,605.439,606.187,131418321.7287
11.09.2006,01:00:00,606.022,606.452,569.902,578.611,136015262.18649998
18.09.2006,01:00:00,578.560,592.116,571.096,586.560,128824311.73319998
25.09.2006,01:00:00,586.390,606.710,581.509,600.231,135247240.1857
02.10.2006,01:00:00,600.521,603.624,558.947,575.501,138772409.20069999
09.10.2006,01:00:00,575.220,593.242,568.201,591.270,129209030.8666
16.10.2006,01:00:00,591.228,602.074,584.835,589.045,130324268.93720001
23.10.2006,01:00:00,589.539,599.794,572.364,597.930,133859545.4692
30.10.2006,00:00:00,598.509,628.821,597.461,626.794,130003618.2404
06.11.2006,00:00:00,626.795,636.259,612.260,627.766,132039232.1348
13.11.2006,00:00:00,627.867,632.316,613.978,620.660,131599668.0857
20.11.2006,00:00:00,621.425,640.357,619.774,639.691,119427000.4033
27.11.2006,00:00:00,640.339,649.630,632.180,645.262,128085818.7079
04.12.2006,00:00:00,646.580,648.384,622.385,624.734,133826254.0699
11.12.2006,00:00:00,625.237,630.742,613.660,615.251,131679153.4425
18.12.2006,00:00:00,615.436,624.450,611.108,620.372,129099866.33069998
25.12.2006,00:00:00,620.088,636.358,619.180,635.854,107782791.79330002
01.01.2007,00:00:00,635.679,644.663,601.591,607.867,113839316.7258
08.01.2007,00:00:00,607.808,627.530,602.943,625.707,133228195.07129999
15.01.2007,00:00:00,625.367,636.480,619.363,634.619,133135512.8885
22.01.2007,00:00:00,634.922,654.442,631.065,647.070,132828994.5126
29.01.2007,00:00:00,647.068,661.108,639.983,647.652,130101871.9076
05.02.2007,00:00:00,647.957,668.107,645.171,666.464,122015945.4346
12.02.2007,00:00:00,666.520,671.708,659.061,667.841,128196036.2196
19.02.2007,00:00:00,667.912,688.208,655.147,682.670,125318301.32019998
26.02.2007,00:00:00,682.971,688.470,639.779,642.529,134207555.53250001
05.03.2007,00:00:00,642.409,657.897,631.853,649.087,134447952.1513
12.03.2007,00:00:00,648.658,655.570,635.852,653.764,133426009.774
19.03.2007,00:00:00,653.470,666.547,651.193,657.516,158746884.5846
26.03.2007,01:00:00,657.892,669.197,654.466,664.938,31623487.9493
02.04.2007,01:00:00,665.504,675.598,655.929,672.395,27172065.1686
09.04.2007,01:00:00,672.212,685.437,669.209,684.940,31435341.6413
16.04.2007,01:00:00,685.107,693.670,678.245,691.469,41784250.5872
23.04.2007,01:00:00,692.445,693.143,670.384,679.798,31965883.3742
30.04.2007,01:00:00,679.845,690.223,667.014,687.606,38538855.7911
07.05.2007,01:00:00,687.601,690.519,664.015,671.391,41314207.25580001
14.05.2007,01:00:00,671.532,674.609,653.531,661.547,37367274.31420001
21.05.2007,01:00:00,661.260,665.123,651.020,655.372,35863403.4991
28.05.2007,01:00:00,654.994,671.670,651.198,670.553,28127027.779799998
04.06.2007,01:00:00,670.117,673.595,643.598,647.537,29216112.017699998
11.06.2007,01:00:00,649.252,656.585,642.623,655.800,29749578.8336
18.06.2007,01:00:00,655.970,661.919,647.073,652.104,28437471.419699997
25.06.2007,01:00:00,651.969,653.999,638.448,650.128,29969298.8097
02.07.2007,01:00:00,650.145,658.373,644.522,654.681,34470979.8993
09.07.2007,01:00:00,654.801,669.197,652.872,666.720,36735458.7913
16.07.2007,01:00:00,666.637,686.147,661.922,682.422,30149765.133800004
23.07.2007,01:00:00,682.573,686.972,656.373,660.638,34209740.6387
30.07.2007,01:00:00,660.889,675.198,658.353,672.625,34242684.1259
06.08.2007,01:00:00,672.311,676.595,657.648,670.401,35336389.78
13.08.2007,01:00:00,670.267,671.845,641.723,653.698,33992242.574700005
20.08.2007,01:00:00,653.795,668.561,653.051,667.057,34891836.881799996
27.08.2007,01:00:00,667.178,674.507,661.009,672.252,42244350.9102
03.09.2007,01:00:00,672.151,706.697,670.575,700.334,35569974.6609
10.09.2007,01:00:00,700.300,716.855,698.721,708.007,44919862.9856
17.09.2007,01:00:00,708.187,739.045,707.615,730.620,36398582.697000004
24.09.2007,01:00:00,730.723,745.323,721.994,743.036,36059506.893
01.10.2007,01:00:00,743.067,747.376,720.319,741.121,46554218.530700006
08.10.2007,01:00:00,741.431,753.484,726.494,748.022,47505476.7131
15.10.2007,01:00:00,747.830,771.046,747.760,767.345,49575570.1065
22.10.2007,01:00:00,767.497,789.645,744.995,788.977,39347742.0807
29.10.2007,00:00:00,789.132,807.748,776.470,804.897,49397327.8999
05.11.2007,00:00:00,803.922,845.325,800.473,828.522,38789216.0416
12.11.2007,00:00:00,828.548,830.684,782.464,789.439,38520123.9585
19.11.2007,00:00:00,789.401,827.298,772.513,824.894,34716779.0532
26.11.2007,00:00:00,824.996,836.436,778.456,785.645,36207437.5153
03.12.2007,00:00:00,785.656,806.364,776.660,795.210,39418694.9729
10.12.2007,00:00:00,795.042,816.741,787.436,794.653,39181238.6512
17.12.2007,00:00:00,794.723,812.055,784.765,810.334,38557685.1369
24.12.2007,00:00:00,809.690,842.545,806.211,841.998,33848900.0797
31.12.2007,00:00:00,841.943,868.807,829.785,861.654,35589953.4226
07.01.2008,00:00:00,861.615,898.270,854.915,897.045,41299573.1831
14.01.2008,00:00:00,896.933,913.916,870.114,881.140,39753257.513
21.01.2008,00:00:00,881.265,923.304,849.219,915.116,40575773.0007
28.01.2008,00:00:00,915.354,936.386,903.500,908.194,40709855.0797
04.02.2008,00:00:00,908.500,923.434,884.392,922.319,41567401.886
11.02.2008,00:00:00,921.947,926.760,896.076,902.805,41021110.7731
18.02.2008,00:00:00,903.152,953.428,900.042,946.415,41631626.6061
25.02.2008,00:00:00,947.037,976.991,926.374,975.938,42448781.490399994
03.03.2008,00:00:00,975.674,992.650,955.971,974.384,43875259.876200005
10.03.2008,00:00:00,975.353,1014.689,961.151,1014.434,41832519.769700006
17.03.2008,00:00:00,1014.575,1031.828,904.303,912.775,39361650.228599995
24.03.2008,00:00:00,912.698,954.519,906.229,927.252,40405991.5544
31.03.2008,01:00:00,927.114,940.385,874.073,916.570,37805139.720400006
07.04.2008,01:00:00,916.401,939.348,902.843,914.992,40463484.764000006
14.04.2008,01:00:00,915.045,952.570,904.429,918.943,49957891.4642
21.04.2008,01:00:00,918.977,927.988,877.594,888.327,40712553.2627
28.04.2008,01:00:00,888.146,895.144,846.641,860.573,52293175.6975
05.05.2008,01:00:00,861.098,889.298,860.559,887.606,51429035.1868
12.05.2008,01:00:00,888.203,905.308,859.769,904.595,50212754.0112
19.05.2008,01:00:00,904.838,934.916,900.324,925.792,39622253.1795
26.05.2008,01:00:00,925.886,930.392,870.734,886.245,41202698.2307
02.06.2008,01:00:00,886.257,904.449,864.592,903.487,41405362.3677
09.06.2008,01:00:00,903.854,908.525,857.264,870.547,41511120.319400005
16.06.2008,01:00:00,870.773,908.338,866.394,903.365,42980444.908199996
23.06.2008,01:00:00,904.301,930.268,873.559,929.012,53478405.7139
30.06.2008,01:00:00,929.159,946.028,918.050,931.058,42657962.56079999
07.07.2008,01:00:00,931.111,967.254,912.577,965.477,53880581.3789
14.07.2008,01:00:00,965.792,987.517,949.782,957.743,44425507.06860001
21.07.2008,01:00:00,957.872,975.690,916.497,928.060,43290540.695199996
28.07.2008,01:00:00,928.362,932.911,893.433,908.717,54177769.6611
04.08.2008,01:00:00,909.608,914.832,850.499,857.488,56356971.9791
11.08.2008,01:00:00,858.218,865.402,776.383,790.319,45060468.6737
18.08.2008,01:00:00,790.699,838.018,782.497,821.406,43806962.9668
25.08.2008,01:00:00,821.703,843.574,806.635,832.415,55262481.689399995
01.09.2008,01:00:00,833.522,835.035,789.110,812.321,55116350.4125
08.09.2008,01:00:00,812.461,817.937,736.113,777.449,44924517.631500006
15.09.2008,01:00:00,776.860,912.910,764.339,873.939,56490525.7226
22.09.2008,01:00:00,873.996,909.065,861.804,874.495,54391618.7286
29.09.2008,01:00:00,874.509,922.361,820.199,825.742,56294708.728800006
06.10.2008,01:00:00,825.652,929.895,823.911,854.495,45739727.02020001
13.10.2008,01:00:00,854.495,870.956,774.108,786.688,57035320.9971
20.10.2008,01:00:00,786.912,809.710,681.999,739.122,46510826.1109
27.10.2008,00:00:00,739.104,776.323,706.435,729.109,54090897.560100004
03.11.2008,00:00:00,728.904,768.290,720.877,749.098,44515677.6905
10.11.2008,00:00:00,749.103,766.716,699.719,740.352,44935404.0622
17.11.2008,00:00:00,740.579,806.445,730.793,802.749,46483318.328899994
24.11.2008,00:00:00,801.903,829.044,785.807,815.779,42590383.7681
01.12.2008,00:00:00,815.415,815.749,740.956,758.825,47214715.004
08.12.2008,00:00:00,758.733,834.069,757.963,826.831,46887919.42600001
15.12.2008,00:00:00,826.245,881.144,821.505,840.020,42926088.0949
22.12.2008,00:00:00,840.036,880.172,829.193,877.255,41333203.55419999
29.12.2008,00:00:00,877.355,890.016,855.633,883.756,39476173.40090001
05.01.2009,00:00:00,883.705,884.137,835.919,851.232,41705737.3523
12.01.2009,00:00:00,851.625,853.644,801.829,841.478,40637655.0199
19.01.2009,00:00:00,841.435,902.668,823.393,895.815,40250596.7617
26.01.2009,00:00:00,895.864,928.787,874.039,923.671,41707138.5384
02.02.2009,00:00:00,923.636,925.195,889.173,906.270,41546236.515200004
09.02.2009,00:00:00,906.368,951.831,890.232,941.198,42600492.000599995
16.02.2009,00:00:00,941.227,1004.764,935.400,995.377,40445015.9072
23.02.2009,00:00:00,995.289,997.336,929.290,947.949,43216006.7558
02.03.2009,00:00:00,948.132,957.717,899.582,938.485,42749989.9865
09.03.2009,00:00:00,938.569,941.640,890.889,925.262,55459758.758499995
16.03.2009,00:00:00,925.427,966.428,883.242,951.686,57347740.6503
23.03.2009,00:00:00,951.555,956.624,916.954,922.488,45438688.755100004
30.03.2009,01:00:00,923.209,932.362,888.997,892.339,44462880.373
06.04.2009,01:00:00,892.299,893.789,865.098,883.243,40292218.923599996
13.04.2009,01:00:00,883.570,899.301,864.637,868.430,46132788.1812
20.04.2009,01:00:00,868.663,917.099,864.329,917.062,58305399.417899996
27.04.2009,01:00:00,916.293,917.941,879.615,886.792,45164427.757300004
04.05.2009,01:00:00,886.812,924.991,884.861,917.161,46237114.191
11.05.2009,01:00:00,917.162,933.686,908.818,930.747,58689696.5504
18.05.2009,01:00:00,930.747,960.685,915.865,956.700,54930564.8804
25.05.2009,01:00:00,956.408,979.773,940.771,976.148,59842264.890599996
01.06.2009,01:00:00,976.072,989.287,951.579,956.199,47368950.3669
08.06.2009,01:00:00,956.197,964.766,934.018,937.060,46476938.2478
15.06.2009,01:00:00,936.926,942.787,924.981,934.184,48074470.9968
22.06.2009,01:00:00,934.256,947.793,913.258,937.629,47827027.5593
29.06.2009,01:00:00,938.005,944.730,923.439,930.272,55440870.7619
06.07.2009,01:00:00,930.765,931.261,904.486,913.669,57128803.96830001
13.07.2009,01:00:00,913.689,941.461,907.459,938.234,46723236.5607
20.07.2009,01:00:00,938.218,956.918,937.203,950.027,46482366.3235
27.07.2009,01:00:00,950.095,958.423,925.007,956.222,48049934.3871
03.08.2009,01:00:00,955.816,971.284,950.552,953.567,58901152.3724
10.08.2009,01:00:00,953.154,959.828,939.141,947.209,48624958.03819999
17.08.2009,01:00:00,947.175,956.539,929.900,951.979,47924147.605900005
24.08.2009,01:00:00,950.931,959.064,939.274,958.537,48684390.5449
31.08.2009,01:00:00,958.400,996.880,944.264,992.866,48693263.053799994
07.09.2009,01:00:00,992.772,1010.768,982.716,1008.144,48230598.449700005
14.09.2009,01:00:00,1008.388,1023.591,993.181,1004.066,60366575.00259999
21.09.2009,01:00:00,1004.058,1018.975,984.911,994.157,61570015.6689
28.09.2009,01:00:00,994.268,1009.483,985.452,1001.844,50263506.174
05.10.2009,01:00:00,1001.605,1060.872,1000.577,1051.506,49568953.991
12.10.2009,01:00:00,1051.505,1069.961,1042.956,1053.389,49195407.8673
19.10.2009,01:00:00,1053.321,1067.237,1047.739,1053.250,60973481.8935
26.10.2009,00:00:00,1053.309,1059.554,1025.882,1042.559,63353898.525299996
02.11.2009,00:00:00,1042.465,1099.266,1042.321,1097.072,51862187.8625
09.11.2009,00:00:00,1097.103,1125.253,1094.980,1124.153,50359295.36800001
16.11.2009,00:00:00,1124.150,1157.938,1122.087,1157.663,53126221.6568
23.11.2009,00:00:00,1157.672,1194.676,1139.535,1170.243,49985270.5002
30.11.2009,00:00:00,1169.531,1225.940,1148.512,1156.977,51911777.0196
07.12.2009,00:00:00,1157.255,1168.174,1109.484,1113.005,53411410.8086
14.12.2009,00:00:00,1113.049,1141.209,1094.491,1114.045,53568688.8694
21.12.2009,00:00:00,1113.956,1117.727,1074.195,1107.275,44670520.0672
28.12.2009,00:00:00,1107.506,1113.343,1085.598,1095.404,54901342.8688
04.01.2010,00:00:00,1094.345,1156.543,1092.987,1153.500,90791294.0978
11.01.2010,00:00:00,1153.164,1160.949,1119.245,1132.016,89117735.8628
18.01.2010,00:00:00,1132.005,1141.058,1081.867,1095.015,92923565.38780001
25.01.2010,00:00:00,1094.629,1103.651,1074.105,1083.366,102323201.17940001
01.02.2010,00:00:00,1083.053,1124.254,1044.703,1065.287,94132531.6429
08.02.2010,00:00:00,1065.234,1097.383,1061.330,1095.106,87611589.49149999
15.02.2010,00:00:00,1094.994,1126.650,1091.194,1125.435,101116732.59730001
22.02.2010,00:00:00,1125.782,1130.283,1088.036,1117.059,97496456.62300001
01.03.2010,00:00:00,1117.131,1144.591,1111.732,1134.415,102078154.56379999
08.03.2010,00:00:00,1134.501,1137.359,1098.291,1104.117,99647111.4158
15.03.2010,00:00:00,1104.153,1132.433,1101.033,1103.731,101544986.2481
22.03.2010,00:00:00,1104.132,1114.248,1084.702,1106.760,101097555.6372
29.03.2010,01:00:00,1106.821,1127.539,1101.502,1122.935,100336976.05129999
05.04.2010,01:00:00,1123.488,1169.368,1122.463,1165.820,116833611.9652
12.04.2010,01:00:00,1164.906,1167.156,1129.144,1136.828,116317525.38679999
19.04.2010,01:00:00,1136.826,1157.742,1123.126,1153.685,117252339.36320001
26.04.2010,01:00:00,1153.845,1181.253,1146.131,1177.075,121326752.6626
03.05.2010,01:00:00,1177.142,1212.467,1157.506,1199.527,122286540.9851
10.05.2010,01:00:00,1199.447,1248.756,1184.156,1235.047,124119771.4806
17.05.2010,01:00:00,1235.025,1241.890,1166.476,1181.070,123122649.6696
24.05.2010,01:00:00,1181.515,1217.782,1180.697,1210.141,125314971.92379999
31.05.2010,01:00:00,1210.353,1228.092,1196.605,1216.584,132600208.28260002
07.06.2010,01:00:00,1215.716,1251.055,1209.897,1229.932,134934070.58720002
14.06.2010,01:00:00,1230.770,1262.064,1216.163,1259.025,135893795.9671
21.06.2010,01:00:00,1259.066,1264.288,1223.806,1254.656,137156592.846
28.06.2010,01:00:00,1254.552,1262.181,1196.265,1212.024,140207215.3091
05.07.2010,01:00:00,1211.900,1214.024,1184.908,1211.595,146580311.53679997
12.07.2010,01:00:00,1211.679,1217.411,1185.810,1191.547,161131831.16910002
19.07.2010,01:00:00,1191.574,1203.632,1175.354,1190.677,162391926.7654
26.07.2010,01:00:00,1190.387,1194.062,1156.929,1180.966,165458256.7215
02.08.2010,01:00:00,1181.062,1210.459,1174.217,1204.913,167723755.8365
09.08.2010,01:00:00,1205.009,1217.228,1190.438,1214.655,165563869.4764
16.08.2010,01:00:00,1214.584,1236.937,1214.273,1225.798,176945359.2301
23.08.2010,01:00:00,1225.800,1243.912,1210.028,1236.697,173555469.2746
30.08.2010,01:00:00,1236.647,1254.303,1231.442,1247.249,185868527.41239995
06.09.2010,01:00:00,1247.252,1261.836,1236.496,1243.104,184230982.06520003
13.09.2010,01:00:00,1243.497,1282.343,1240.754,1276.321,204524601.9364
20.09.2010,01:00:00,1276.345,1299.454,1270.853,1296.268,210821081.16149998
27.09.2010,01:00:00,1296.352,1319.757,1283.510,1317.096,206791705.60849997
04.10.2010,01:00:00,1316.325,1364.450,1311.574,1354.683,212921468.25790003
11.10.2010,01:00:00,1354.380,1386.367,1339.908,1365.883,227973296.1655
18.10.2010,01:00:00,1366.042,1374.557,1314.730,1333.501,232381855.01099998
25.10.2010,01:00:00,1333.525,1364.809,1319.041,1362.590,237129358.2916
01.11.2010,00:00:00,1362.575,1397.689,1325.510,1394.760,235877911.32929996
08.11.2010,00:00:00,1397.645,1423.900,1359.718,1370.290,233149782.6577
15.11.2010,00:00:00,1370.303,1376.760,1329.542,1358.852,152023878.57450002
22.11.2010,00:00:00,1359.046,1382.398,1348.192,1357.237,114000775.9333
29.11.2010,00:00:00,1357.163,1415.315,1353.123,1410.207,138898842.75190002
06.12.2010,00:00:00,1410.400,1430.943,1371.428,1380.600,125752857.566
13.12.2010,00:00:00,1380.584,1407.934,1361.948,1381.012,98685460.44829999
20.12.2010,00:00:00,1380.828,1392.064,1371.800,1372.210,73070144.17659998
27.12.2010,00:00:00,1372.540,1420.923,1372.264,1416.247,75713655.82949999
03.01.2011,00:00:00,1416.862,1423.774,1352.950,1370.425,114301738.2026
10.01.2011,00:00:00,1370.439,1392.973,1354.939,1363.620,111834056.61589998
17.01.2011,00:00:00,1363.780,1379.206,1337.705,1345.132,113672417.2831
24.01.2011,00:00:00,1345.166,1353.004,1308.232,1344.453,117933666.9445
31.01.2011,00:00:00,1344.585,1358.030,1323.005,1344.780,110712974.0119
07.02.2011,00:00:00,1344.935,1368.351,1344.935,1355.795,81645823.83639999
14.02.2011,00:00:00,1355.864,1392.000,1353.939,1390.873,97077066.71959999
21.02.2011,00:00:00,1390.874,1418.157,1390.785,1413.591,108262427.5685
28.02.2011,00:00:00,1413.642,1440.167,1404.730,1434.460,109745295.0477
07.03.2011,00:00:00,1434.492,1444.440,1402.750,1426.585,158476922.5119
14.03.2011,00:00:00,1426.070,1430.511,1382.604,1425.540,174886651.75449997
21.03.2011,00:00:00,1425.532,1447.701,1419.458,1426.185,122284649.72969998
28.03.2011,01:00:00,1425.823,1439.478,1410.155,1430.540,91726273.775
04.04.2011,01:00:00,1430.531,1475.974,1429.353,1475.802,96342519.0449
11.04.2011,01:00:00,1475.666,1488.040,1445.543,1488.040,116408472.2997
18.04.2011,01:00:00,1488.025,1513.425,1477.320,1511.961,118012030.1247
25.04.2011,01:00:00,1512.101,1576.415,1492.995,1553.283,146203559.8755
02.05.2011,01:00:00,1552.907,1574.786,1462.394,1493.523,217364693.64170003
09.05.2011,01:00:00,1493.522,1526.370,1478.344,1491.880,183358592.0334
16.05.2011,01:00:00,1491.832,1517.445,1471.719,1516.895,189321281.4332
23.05.2011,01:00:00,1516.794,1538.285,1503.883,1536.430,151346745.7295
30.05.2011,01:00:00,1536.345,1550.390,1519.716,1544.593,137227638.7215
06.06.2011,01:00:00,1544.530,1553.460,1525.880,1530.335,132489542.48429999
13.06.2011,01:00:00,1530.372,1542.068,1511.221,1538.802,148846055.74600002
20.06.2011,01:00:00,1539.078,1558.060,1497.530,1501.273,142611904.6212
27.06.2011,01:00:00,1501.256,1513.881,1478.038,1489.762,134927825.4509
04.07.2011,01:00:00,1489.740,1545.455,1489.583,1542.368,113587103.1285
11.07.2011,01:00:00,1542.499,1598.579,1540.695,1596.362,161682212.82950002
18.07.2011,01:00:00,1596.325,1623.273,1581.223,1615.514,155745485.3059
25.07.2011,01:00:00,1615.505,1632.513,1602.896,1615.156,143884775.63849998
01.08.2011,01:00:00,1615.182,1690.622,1608.869,1688.152,207534734.72590002
08.08.2011,01:00:00,1688.155,1812.799,1682.366,1732.742,288375916.24270004
15.08.2011,01:00:00,1732.772,1877.373,1728.020,1870.830,202856506.3477
22.08.2011,01:00:00,1870.752,1911.754,1703.140,1823.486,343147252.08290005
29.08.2011,01:00:00,1823.316,1889.873,1775.785,1884.793,230787484.64580002
05.09.2011,01:00:00,1883.956,1920.662,1793.216,1858.042,267721167.5644
12.09.2011,01:00:00,1858.036,1858.855,1762.573,1824.952,263442842.9603
19.09.2011,01:00:00,1825.057,1826.888,1628.912,1649.247,285857046.12740004
26.09.2011,01:00:00,1649.995,1677.150,1535.456,1628.933,327786331.65370005
03.10.2011,01:00:00,1629.020,1678.317,1595.758,1644.402,250963333.60680002
10.10.2011,01:00:00,1645.224,1691.978,1644.224,1681.030,197774083.01829997
17.10.2011,01:00:00,1681.005,1694.662,1603.723,1642.910,228826730.8473
24.10.2011,01:00:00,1642.817,1752.390,1635.450,1742.515,216296210.40829998
31.10.2011,00:00:00,1742.609,1767.197,1682.452,1756.347,224032991.5286
07.11.2011,00:00:00,1756.273,1802.903,1736.799,1795.061,214028059.7211
14.11.2011,00:00:00,1794.981,1795.037,1711.120,1720.157,220083261.609
21.11.2011,00:00:00,1720.203,1726.388,1666.575,1693.380,220367628.336
28.11.2011,00:00:00,1693.415,1760.708,1692.157,1753.382,223081991.3149
05.12.2011,00:00:00,1753.401,1754.966,1702.049,1711.972,248422479.51040003
12.12.2011,00:00:00,1711.977,1714.680,1561.377,1602.889,326273504.615
19.12.2011,00:00:00,1602.809,1641.662,1583.316,1605.496,127115598.6786
26.12.2011,00:00:00,1605.997,1606.041,1522.643,1565.300,105708439.94620001
02.01.2012,00:00:00,1564.100,1631.152,1564.100,1612.477,565435361.8621
09.01.2012,00:00:00,1612.530,1662.002,1604.924,1634.431,784712098.1217
16.01.2012,00:00:00,1633.920,1670.052,1631.452,1663.737,5794162131.786399
23.01.2012,00:00:00,1663.662,1739.893,1649.027,1737.583,3306065674.7819
30.01.2012,00:00:00,1737.703,1763.188,1716.122,1730.544,764913832.6644
06.02.2012,00:00:00,1730.523,1752.604,1704.660,1725.483,883312290.1917
13.02.2012,00:00:00,1725.393,1737.343,1705.277,1733.508,1807732463.8365998
20.02.2012,00:00:00,1733.543,1787.352,1728.491,1772.816,1718360321.045
27.02.2012,00:00:00,1773.004,1790.608,1685.962,1712.813,2977938568.1153
05.03.2012,00:00:00,1712.766,1716.713,1662.864,1713.152,6445420593.2617
12.03.2012,00:00:00,1713.152,1713.652,1634.456,1660.480,3267702423.0957
19.03.2012,00:00:00,1660.459,1669.852,1628.047,1668.923,2339049537.6587
26.03.2012,01:00:00,1668.952,1697.003,1645.097,1672.452,2085640754.6996999
02.04.2012,01:00:00,1672.452,1683.452,1612.335,1642.371,12717695434.5704
09.04.2012,01:00:00,1642.418,1680.013,1631.797,1652.661,1289069442.749
16.04.2012,01:00:00,1652.752,1657.747,1631.000,1642.587,2676758857.7271
23.04.2012,01:00:00,1642.646,1667.552,1623.214,1664.881,1637194580.078
30.04.2012,01:00:00,1664.897,1671.502,1626.252,1638.842,3865908185.9589005
07.05.2012,01:00:00,1638.903,1642.596,1572.465,1580.652,1778270462.0359998
14.05.2012,01:00:00,1580.672,1597.578,1526.925,1594.252,1944075973.5108001
21.05.2012,01:00:00,1594.252,1599.144,1533.294,1574.286,1972924213.4094
28.05.2012,01:00:00,1574.304,1629.935,1531.015,1616.716,3309815643.3106003
04.06.2012,01:00:00,1616.582,1640.943,1554.321,1602.036,10556493057.2509
11.06.2012,01:00:00,1602.063,1633.608,1581.733,1618.352,5920506599.4263
18.06.2012,01:00:00,1618.552,1633.173,1558.090,1569.563,1892032230.3771002
25.06.2012,01:00:00,1569.645,1606.933,1548.000,1598.910,2510245300.2929997
02.07.2012,01:00:00,1598.843,1624.837,1576.417,1578.509,3409384468.0787
09.07.2012,01:00:00,1578.483,1601.183,1554.944,1590.797,3020268646.2402
16.07.2012,01:00:00,1590.778,1599.003,1567.731,1581.452,2404116844.1773005
23.07.2012,01:00:00,1581.452,1629.483,1563.185,1622.967,16993452537.536499
30.07.2012,01:00:00,1622.967,1627.983,1584.553,1605.246,6322303905.4872
06.08.2012,01:00:00,1605.352,1626.533,1603.336,1621.196,2061483818.0542002
13.08.2012,01:00:00,1621.221,1625.568,1589.922,1617.152,3168977996.8262005
20.08.2012,01:00:00,1617.159,1674.852,1609.761,1673.693,15043122406.005901
27.08.2012,01:00:00,1673.723,1692.952,1645.896,1688.452,2584369583.1299005
03.09.2012,01:00:00,1688.452,1741.678,1685.391,1736.152,2781465843.2007
10.09.2012,01:00:00,1736.067,1777.752,1716.714,1774.185,3332575477.5999994
17.09.2012,01:00:00,1774.162,1787.452,1751.782,1769.935,3737856979.3700004
24.09.2012,01:00:00,1769.890,1783.159,1736.312,1765.468,2476199493.4080997
01.10.2012,01:00:00,1765.417,1795.852,1763.362,1778.838,3050825572.9675
08.10.2012,01:00:00,1778.812,1779.709,1741.578,1742.221,2766317405.7007
15.10.2012,01:00:00,1742.221,1753.452,1713.414,1717.852,4779270965.5762005
22.10.2012,01:00:00,1717.852,1730.052,1698.442,1713.652,3367044692.9932
29.10.2012,00:00:00,1713.752,1726.923,1674.617,1682.138,2758440814.9719
05.11.2012,00:00:00,1682.118,1738.752,1672.506,1734.852,6963270437.240701
12.11.2012,00:00:00,1734.852,1737.953,1704.793,1717.533,2625149528.5035
19.11.2012,00:00:00,1717.563,1754.291,1716.048,1750.352,3057246883.3922997
26.11.2012,00:00:00,1750.352,1752.152,1705.804,1716.463,4060425933.8378997
03.12.2012,00:00:00,1716.452,1722.608,1683.352,1703.452,11692894126.892097
10.12.2012,00:00:00,1703.452,1723.263,1689.403,1695.253,4540622539.520201
17.12.2012,00:00:00,1695.193,1703.093,1635.371,1658.113,7360742092.1325
24.12.2012,00:00:00,1658.113,1667.989,1648.550,1657.152,2201187911.9873
31.12.2012,00:00:00,1657.152,1694.873,1626.333,1656.752,279505304.87299997
07.01.2013,00:00:00,1656.752,1678.732,1643.020,1660.703,134269760.60869998
14.01.2013,00:00:00,1660.752,1695.352,1660.683,1688.476,149817759.3946
21.01.2013,00:00:00,1688.512,1696.052,1655.860,1659.403,157201299.5184
28.01.2013,00:00:00,1659.363,1683.752,1652.002,1667.023,199268780.6785
04.02.2013,00:00:00,1667.003,1684.880,1661.801,1666.410,196653439.40269998
11.02.2013,00:00:00,1666.372,1669.552,1598.285,1612.852,200293863.80310002
18.02.2013,00:00:00,1612.852,1618.764,1554.948,1578.543,239352641.8805
25.02.2013,00:00:00,1578.525,1619.513,1564.727,1579.292,320615484.23779994
04.03.2013,00:00:00,1579.275,1586.445,1561.712,1578.583,278538036.4359
11.03.2013,00:00:00,1578.563,1608.683,1575.452,1603.893,199236062.4074
18.03.2013,00:00:00,1603.896,1616.652,1592.056,1606.673,105258220.79179999
25.03.2013,00:00:00,1606.504,1613.543,1589.883,1596.542,79983600.3185
01.04.2013,01:00:00,1596.562,1603.863,1540.130,1577.252,135186040.2823
08.04.2013,01:00:00,1577.252,1590.343,1478.005,1489.841,151513919.1151
15.04.2013,01:00:00,1489.863,1495.473,1321.552,1408.323,281214968.6813
22.04.2013,01:00:00,1408.347,1485.280,1403.552,1465.114,231033602.5953
29.04.2013,01:00:00,1465.052,1487.803,1440.352,1470.456,173208480.0005
06.05.2013,01:00:00,1470.479,1478.822,1419.547,1437.552,292351253.6288
13.05.2013,01:00:00,1437.552,1445.421,1338.480,1348.296,357116645.81310004
20.05.2013,01:00:00,1348.258,1414.231,1337.948,1386.101,405285517.8117
27.05.2013,01:00:00,1385.963,1421.870,1373.670,1394.233,246219160.8548
03.06.2013,01:00:00,1394.208,1423.552,1377.703,1384.273,259135729.2532
10.06.2013,01:00:00,1384.273,1394.903,1365.241,1390.232,146686098.51619998
17.06.2013,01:00:00,1389.926,1391.963,1269.329,1300.165,282079458.83269995
24.06.2013,01:00:00,1300.302,1301.269,1180.274,1239.255,272852760.58320004
01.07.2013,01:00:00,1239.173,1267.369,1208.133,1218.623,200337798.5359
08.07.2013,01:00:00,1218.583,1298.658,1215.383,1289.163,178359638.57170004
15.07.2013,01:00:00,1289.143,1317.917,1270.188,1313.140,132126341.1045
22.07.2013,01:00:00,1313.173,1347.463,1308.823,1330.673,138404861.0927
29.07.2013,01:00:00,1330.693,1338.828,1282.823,1312.223,132555759.19160002
05.08.2013,01:00:00,1312.273,1333.522,1272.730,1329.117,146366558.5517
12.08.2013,01:00:00,1329.195,1380.853,1315.853,1376.623,147256177.9619
19.08.2013,01:00:00,1376.603,1406.623,1352.240,1395.823,112589658.49869998
26.08.2013,01:00:00,1395.823,1433.695,1373.622,1380.437,86199518.79980001
02.09.2013,01:00:00,1380.437,1416.295,1362.203,1388.753,131687940.4485
09.09.2013,01:00:00,1388.712,1391.919,1304.880,1329.913,117844121.21779999
16.09.2013,01:00:00,1329.913,1375.217,1291.662,1329.592,167564728.97529998
23.09.2013,01:00:00,1329.592,1352.263,1305.812,1340.243,185346420.3477
30.09.2013,01:00:00,1340.205,1343.237,1277.842,1313.659,153456975.3408
07.10.2013,01:00:00,1313.596,1330.038,1261.473,1272.823,226323940.81359997
14.10.2013,01:00:00,1272.828,1326.911,1251.662,1317.438,236803097.78459996
21.10.2013,01:00:00,1317.450,1355.747,1310.132,1348.956,144901617.73560002
28.10.2013,00:00:00,1348.942,1361.737,1306.074,1314.015,157387320.32479998
04.11.2013,00:00:00,1313.957,1326.077,1281.000,1287.203,138345940.88789997
11.11.2013,00:00:00,1287.183,1294.237,1261.372,1288.137,137773061.1563
18.11.2013,00:00:00,1288.144,1288.321,1236.732,1240.569,131776702.4635
25.11.2013,00:00:00,1240.569,1257.842,1224.864,1247.933,92694540.2921
02.12.2013,00:00:00,1247.938,1251.507,1211.670,1228.170,151861101.5231
09.12.2013,00:00:00,1228.158,1267.793,1220.539,1235.987,137334679.12669998
16.12.2013,00:00:00,1235.973,1251.965,1186.920,1203.957,171079417.6162
23.12.2013,00:00:00,1203.906,1218.968,1192.648,1213.317,49274979.710599996
30.12.2013,00:00:00,1213.317,1240.153,1182.343,1234.042,93207089.1858
06.01.2014,00:00:00,1234.042,1250.342,1214.626,1248.668,127204898.3872
13.01.2014,00:00:00,1248.668,1261.203,1234.242,1256.207,125458438.33680001
20.01.2014,00:00:00,1256.184,1279.013,1231.523,1275.483,117916022.06230001
27.01.2014,00:00:00,1275.597,1276.438,1238.043,1243.537,133821017.11620001
03.02.2014,00:00:00,1243.685,1274.269,1240.813,1267.316,146039920.3003
10.02.2014,00:00:00,1267.263,1324.037,1265.093,1323.523,154316900.43210003
17.02.2014,00:00:00,1323.523,1331.968,1307.343,1324.013,126458821.5053
24.02.2014,00:00:00,1324.013,1345.392,1318.693,1338.277,148102301.47840002
03.03.2014,00:00:00,1338.342,1354.718,1327.670,1338.224,173177372.15760002
10.03.2014,00:00:00,1338.211,1389.122,1327.942,1386.601,201997600.6151
17.03.2014,00:00:00,1386.581,1388.511,1320.000,1332.270,196600799.5307
24.03.2014,00:00:00,1332.248,1334.256,1285.660,1296.074,172237597.58470002
31.03.2014,01:00:00,1296.056,1306.690,1277.677,1303.846,135284898.9069
07.04.2014,01:00:00,1303.976,1328.579,1295.601,1326.493,159812898.09939998
14.04.2014,01:00:00,1326.470,1331.113,1284.350,1291.690,125983499.16939999
21.04.2014,01:00:00,1291.640,1305.393,1268.506,1304.108,164405136.70450002
28.04.2014,01:00:00,1304.161,1306.448,1274.773,1300.441,220805998.32530004
05.05.2014,01:00:00,1300.473,1315.523,1277.658,1283.337,184385303.378
12.05.2014,01:00:00,1283.325,1308.985,1282.113,1292.679,199023997.9029
19.05.2014,01:00:00,1292.579,1305.410,1283.304,1291.465,172282695.8299
26.05.2014,01:00:00,1291.476,1294.106,1242.149,1247.092,163667211.4134
02.06.2014,01:00:00,1247.001,1257.787,1240.522,1254.063,188105296.13490003
09.06.2014,01:00:00,1254.063,1278.911,1250.268,1278.382,186353498.9357
16.06.2014,01:00:00,1278.402,1321.992,1258.653,1313.601,239864502.1319
23.06.2014,01:00:00,1313.550,1325.955,1306.221,1314.876,196437981.6056
30.06.2014,01:00:00,1314.854,1332.947,1308.941,1317.443,206481197.834
07.07.2014,01:00:00,1317.450,1345.033,1311.386,1338.699,199142682.90989998
14.07.2014,01:00:00,1338.769,1338.871,1292.148,1310.680,274562006.47339994
21.07.2014,01:00:00,1310.669,1318.303,1287.628,1305.872,225731001.6156
28.07.2014,01:00:00,1305.824,1312.194,1279.921,1294.011,144837679.98209998
04.08.2014,01:00:00,1294.031,1322.651,1282.475,1309.639,161547099.2328
11.08.2014,01:00:00,1309.639,1319.441,1292.527,1301.720,160164399.26610002
18.08.2014,01:00:00,1301.699,1303.574,1271.973,1280.792,125443380.3558
25.08.2014,01:00:00,1278.880,1296.428,1274.359,1286.662,142908820.33110002
01.09.2014,01:00:00,1286.642,1289.827,1257.201,1266.864,141697248.63770002
08.09.2014,01:00:00,1266.852,1271.712,1225.537,1228.212,178420159.93590003
15.09.2014,01:00:00,1228.232,1241.911,1213.653,1216.022,230902978.18199998
22.09.2014,01:00:00,1216.071,1235.281,1206.765,1216.668,240808337.15199998
29.09.2014,01:00:00,1216.683,1223.252,1182.829,1186.242,269190750.3603
06.10.2014,01:00:00,1186.341,1233.306,1182.981,1230.962,230272319.07849997
13.10.2014,01:00:00,1230.961,1249.679,1221.781,1234.578,282165533.00610006
20.10.2014,01:00:00,1234.579,1255.179,1226.282,1227.967,240160479.06879997
27.10.2014,00:00:00,1228.007,1235.522,1161.148,1166.222,272340145.7668
03.11.2014,00:00:00,1166.233,1178.641,1131.549,1170.410,327608985.9008
10.11.2014,00:00:00,1170.409,1193.550,1146.061,1182.081,326527336.4186
17.11.2014,00:00:00,1182.181,1207.760,1175.089,1201.454,336185785.6512
24.11.2014,00:00:00,1201.462,1203.599,1142.639,1150.639,198949610.71010002
01.12.2014,00:00:00,1150.809,1221.012,1146.621,1189.181,300259808.54039997
08.12.2014,00:00:00,1189.161,1238.191,1188.561,1221.739,306172028.77989995
15.12.2014,00:00:00,1221.979,1224.077,1182.974,1195.439,299448242.4556999
22.12.2014,00:00:00,1195.440,1203.220,1170.598,1193.833,127434946.80520001
29.12.2014,00:00:00,1193.807,1210.465,1167.430,1183.841,162675109.148
05.01.2015,00:00:00,1183.841,1226.330,1182.784,1225.514,247917469.5611
12.01.2015,00:00:00,1225.525,1282.031,1217.472,1278.579,328110026.7171999
19.01.2015,00:00:00,1278.583,1307.474,1271.998,1296.861,284718374.9675
26.01.2015,00:00:00,1296.861,1299.109,1252.050,1280.672,276649179.93549997
02.02.2015,00:00:00,1280.672,1285.670,1228.298,1237.932,248002132.05810001
09.02.2015,00:00:00,1237.962,1245.808,1216.499,1228.902,229613993.1083
16.02.2015,00:00:00,1228.872,1236.538,1197.531,1202.298,183774559.6469
23.02.2015,00:00:00,1202.318,1219.941,1190.388,1214.036,225953735.17279997
02.03.2015,00:00:00,1214.002,1223.189,1163.723,1169.659,217944530.189
09.03.2015,00:00:00,1169.648,1175.289,1147.462,1156.853,209485537.8865
16.03.2015,00:00:00,1156.833,1187.947,1142.759,1186.518,212615240.6931
23.03.2015,00:00:00,1186.569,1219.681,1179.308,1197.181,230179771.78089994
30.03.2015,01:00:00,1197.110,1217.847,1178.391,1217.719,175655630.827
06.04.2015,01:00:00,1217.719,1224.188,1192.618,1207.922,201564983.1891
13.04.2015,01:00:00,1207.919,1209.498,1183.970,1206.478,238603507.2805
20.04.2015,01:00:00,1206.478,1209.077,1175.204,1179.893,233994740.36699998
27.04.2015,01:00:00,1179.860,1215.031,1169.583,1178.560,252679138.54119998
04.05.2015,01:00:00,1178.559,1199.809,1177.838,1189.911,242053904.17579997
11.05.2015,01:00:00,1189.911,1227.270,1178.891,1223.805,251245110.0349
18.05.2015,01:00:00,1223.820,1232.329,1201.529,1203.908,230958366.75170004
25.05.2015,01:00:00,1203.879,1208.580,1180.421,1191.188,189341362.4763
01.06.2015,01:00:00,1191.188,1204.248,1162.741,1171.228,258519263.0291
08.06.2015,01:00:00,1171.230,1192.259,1169.451,1183.998,248476856.7085
15.06.2015,01:00:00,1183.998,1205.690,1172.729,1198.938,252486537.3373
22.06.2015,01:00:00,1198.948,1199.970,1168.529,1185.518,192877026.55789998
29.06.2015,01:00:00,1185.519,1187.072,1156.980,1173.130,246671984.1956
06.07.2015,01:00:00,1173.130,1174.418,1147.158,1162.448,304600008.4876
13.07.2015,01:00:00,1162.458,1164.178,1129.288,1132.132,241626971.00629997
20.07.2015,01:00:00,1132.132,1132.888,1070.698,1097.308,365065482.1396
27.07.2015,01:00:00,1097.319,1105.001,1079.949,1093.191,322776325.2259
03.08.2015,01:00:00,1093.242,1099.459,1080.968,1091.782,280717785.83529997
10.08.2015,01:00:00,1091.790,1126.808,1089.598,1114.302,294587532.7586
17.08.2015,01:00:00,1114.339,1168.219,1109.638,1162.929,279189283.37100005
24.08.2015,01:00:00,1162.929,1170.029,1117.722,1132.359,419391924.9773
31.08.2015,01:00:00,1132.349,1147.861,1116.780,1120.598,314714050.6505
07.09.2015,01:00:00,1120.638,1126.681,1098.728,1104.778,279741118.90790004
14.09.2015,01:00:00,1104.768,1141.639,1102.459,1137.329,274526445.62720007
21.09.2015,01:00:00,1137.348,1156.711,1121.328,1146.762,258533865.33260003
28.09.2015,01:00:00,1146.762,1148.199,1104.608,1136.779,314241370.91639996
05.10.2015,01:00:00,1136.800,1159.631,1130.089,1155.628,318436039.2094
12.10.2015,01:00:00,1155.638,1191.450,1151.792,1177.442,354051804.78099996
19.10.2015,01:00:00,1177.442,1180.889,1158.929,1164.059,336376797.0801
26.10.2015,00:00:00,1164.049,1182.909,1134.158,1140.591,326827393.6509
02.11.2015,00:00:00,1140.659,1142.989,1085.400,1089.939,298171212.9116
09.11.2015,00:00:00,1089.939,1095.720,1074.129,1089.199,278309710.62189996
16.11.2015,00:00:00,1089.220,1098.139,1064.615,1075.781,348132636.4279
23.11.2015,00:00:00,1075.812,1081.102,1052.708,1057.160,266367687.46379998
30.11.2015,00:00:00,1057.159,1088.841,1046.231,1083.109,380037560.4629
07.12.2015,00:00:00,1083.079,1086.581,1062.381,1072.109,373586122.036
14.12.2015,00:00:00,1072.179,1078.309,1047.640,1065.169,358666823.4468
21.12.2015,00:00:00,1065.219,1081.639,1063.838,1075.789,226482890.427
28.12.2015,00:00:00,1075.799,1076.360,1058.168,1063.059,269356583.9529
04.01.2016,00:00:00,1063.059,1112.949,1062.239,1106.622,411196470.02210003
11.01.2016,00:00:00,1106.622,1108.401,1071.419,1090.332,470901298.04620004
18.01.2016,00:00:00,1090.281,1109.619,1082.459,1097.801,436717589.02070004
25.01.2016,00:00:00,1097.801,1127.990,1097.581,1117.518,330266364.9321
01.02.2016,00:00:00,1117.518,1174.490,1116.898,1164.789,406328178.525
08.02.2016,00:00:00,1164.789,1263.329,1164.248,1233.409,557784583.3302
15.02.2016,00:00:00,1233.400,1239.879,1190.829,1225.480,477830249.30960006
22.02.2016,00:00:00,1225.479,1253.251,1201.871,1221.241,552199907.7796999
29.02.2016,00:00:00,1221.241,1279.728,1219.889,1263.739,571986710.4291
07.03.2016,00:00:00,1263.739,1284.189,1237.111,1252.779,538597908.4968001
14.03.2016,00:00:00,1252.789,1270.892,1225.659,1253.119,485604920.3873
21.03.2016,00:00:00,1253.089,1260.240,1212.160,1213.669,368130186.79630005
28.03.2016,01:00:00,1213.670,1244.029,1208.068,1220.379,452039449.6918
04.04.2016,01:00:00,1220.370,1247.880,1214.548,1244.622,531207309.9613001
11.04.2016,01:00:00,1244.618,1262.589,1223.789,1237.089,505132279.6345
18.04.2016,01:00:00,1236.989,1270.222,1227.349,1232.659,483965024.70970005
25.04.2016,01:00:00,1232.640,1296.652,1229.990,1294.890,464263174.05700004
02.05.2016,01:00:00,1294.889,1303.655,1268.789,1285.579,509886766.4337
09.05.2016,01:00:00,1285.589,1287.479,1256.809,1273.769,545119914.5317
16.05.2016,01:00:00,1273.798,1288.659,1243.789,1252.030,527965303.6595
23.05.2016,01:00:00,1252.029,1255.990,1205.729,1207.589,518293777.46570003
30.05.2016,01:00:00,1207.560,1248.130,1199.732,1248.089,403675749.5403
06.06.2016,01:00:00,1248.129,1278.281,1234.771,1277.588,367048825.26399994
13.06.2016,01:00:00,1277.581,1315.530,1272.352,1289.260,415996020.3170001
20.06.2016,01:00:00,1289.170,1358.229,1250.179,1332.669,438413474.5597
27.06.2016,01:00:00,1332.609,1344.898,1305.458,1342.759,430082894.0869
04.07.2016,01:00:00,1342.800,1375.081,1335.419,1369.839,373552729.3682
11.07.2016,01:00:00,1369.821,1371.219,1320.201,1332.699,420535219.43100005
18.07.2016,01:00:00,1332.808,1338.349,1310.759,1323.200,375530859.47029996
25.07.2016,01:00:00,1323.189,1354.998,1311.971,1349.039,350165744.5431
01.08.2016,01:00:00,1349.039,1367.198,1331.349,1333.469,355835269.92800003
08.08.2016,01:00:00,1333.469,1357.160,1329.868,1338.979,318569190.2638
15.08.2016,01:00:00,1338.980,1358.009,1334.879,1337.380,327611488.8192
22.08.2016,01:00:00,1337.379,1344.630,1318.009,1320.628,359147223.47270006
29.08.2016,01:00:00,1320.688,1330.089,1302.452,1322.629,369919276.35669994
05.09.2016,01:00:00,1322.618,1352.558,1321.759,1329.430,356657055.8548
12.09.2016,01:00:00,1329.429,1331.969,1306.199,1310.949,399075821.1613
19.09.2016,01:00:00,1310.929,1343.629,1307.910,1338.299,349988189.9953
26.09.2016,01:00:00,1338.250,1342.119,1313.228,1315.652,340539314.6276
03.10.2016,01:00:00,1315.608,1319.619,1241.388,1259.869,338837933.6596001
10.10.2016,01:00:00,1259.831,1264.929,1246.058,1253.010,258796495.79520002
17.10.2016,01:00:00,1253.019,1274.368,1250.508,1266.158,238534104.2281
24.10.2016,01:00:00,1266.179,1284.158,1260.401,1278.669,218091723.7997
31.10.2016,00:00:00,1278.768,1307.961,1271.189,1289.229,303324722.5285
07.11.2016,00:00:00,1289.229,1337.308,1219.039,1229.649,426316573.0239
14.11.2016,00:00:00,1229.649,1232.998,1202.898,1206.211,373535468.1015
21.11.2016,00:00:00,1206.211,1220.969,1170.839,1186.721,262260854.0059
28.11.2016,00:00:00,1186.659,1197.559,1160.691,1180.189,336638834.3573
05.12.2016,00:00:00,1180.168,1181.398,1156.268,1158.452,293367522.88049996
12.12.2016,00:00:00,1158.389,1165.749,1122.839,1135.759,321487302.959
19.12.2016,00:00:00,1136.002,1142.319,1125.718,1132.691,220977035.5225
26.12.2016,00:00:00,1133.178,1163.199,1131.651,1150.312,134141970.098
02.01.2017,00:00:00,1150.000,1185.038,1146.039,1173.841,269701383.5907
09.01.2017,00:00:00,1173.791,1206.929,1172.641,1203.369,308548754.4536
16.01.2017,00:00:00,1203.391,1218.798,1195.849,1215.401,330089997.1723
23.01.2017,00:00:00,1215.401,1219.931,1180.548,1194.101,315745408.65419996
30.01.2017,00:00:00,1194.049,1225.288,1188.211,1220.838,377472792.50619996
06.02.2017,00:00:00,1220.849,1244.708,1220.088,1230.178,352303894.75820005
13.02.2017,00:00:00,1230.211,1243.749,1216.601,1236.168,326967568.39750004
20.02.2017,00:00:00,1236.121,1260.109,1226.108,1255.821,291561856.21029997
27.02.2017,00:00:00,1255.821,1263.831,1222.808,1236.758,351657947.06350005
06.03.2017,00:00:00,1236.758,1236.768,1194.848,1205.939,309696335.13689995
13.03.2017,00:00:00,1205.989,1233.698,1197.298,1231.261,320535085.4397
20.03.2017,00:00:00,1231.289,1254.231,1226.859,1252.878,325119951.2481
27.03.2017,01:00:00,1252.892,1261.012,1239.649,1248.228,249068481.2069
03.04.2017,01:00:00,1248.228,1270.531,1243.691,1255.032,262862295.62769997
10.04.2017,01:00:00,1255.042,1295.422,1247.108,1294.592,240867331.50480002
17.04.2017,01:00:00,1294.591,1294.982,1265.431,1274.181,298970029.8309
24.04.2017,01:00:00,1274.181,1278.129,1260.008,1270.201,285311073.54169995
01.05.2017,01:00:00,1270.301,1270.369,1221.059,1234.641,251376860.14180002
08.05.2017,01:00:00,1234.642,1236.492,1214.259,1229.709,246916166.54399997
15.05.2017,01:00:00,1229.701,1265.002,1226.942,1256.952,302430036.06810004
22.05.2017,01:00:00,1257.042,1269.429,1247.952,1268.291,266183489.20340002
29.05.2017,01:00:00,1268.192,1281.229,1259.029,1279.868,214610685.9446
05.06.2017,01:00:00,1279.868,1296.058,1264.628,1267.752,283053700.5663
12.06.2017,01:00:00,1267.741,1281.087,1251.492,1254.628,266524112.7013
19.06.2017,01:00:00,1254.642,1258.811,1240.969,1257.361,221222640.63360003
26.06.2017,01:00:00,1257.362,1257.409,1236.001,1241.778,269889356.61329997
03.07.2017,01:00:00,1241.778,1241.992,1207.251,1213.332,242588156.2232
10.07.2017,01:00:00,1213.332,1232.858,1204.832,1230.771,183292146.5635
17.07.2017,01:00:00,1230.771,1256.248,1229.349,1256.149,243971460.34249997
24.07.2017,01:00:00,1256.142,1271.129,1243.731,1270.208,314513782.02439994
31.07.2017,01:00:00,1270.228,1274.061,1254.162,1257.322,291760563.1352
07.08.2017,01:00:00,1257.321,1292.011,1251.488,1288.811,319644278.0495
14.08.2017,01:00:00,1288.722,1300.828,1267.278,1283.479,328028501.9874
21.08.2017,01:00:00,1283.591,1294.689,1276.137,1292.561,294183894.1574
28.08.2017,01:00:00,1292.561,1338.421,1291.779,1336.031,330929488.65889996
04.09.2017,01:00:00,1336.032,1357.498,1326.259,1337.752,327980229.6162
11.09.2017,01:00:00,1337.651,1339.011,1314.458,1316.251,326148942.94740003
18.09.2017,01:00:00,1316.251,1319.639,1288.161,1292.031,542189295.7687
25.09.2017,01:00:00,1292.031,1313.602,1275.751,1277.868,546461617.9465001
02.10.2017,01:00:00,1277.861,1282.172,1260.581,1276.591,461413970.23209995
09.10.2017,01:00:00,1276.592,1304.268,1275.251,1304.229,491480641.84190005
16.10.2017,01:00:00,1304.178,1306.012,1274.261,1274.942,528899334.4307
23.10.2017,01:00:00,1274.938,1283.612,1263.479,1272.352,542366009.9506999
30.10.2017,00:00:00,1272.331,1284.068,1265.469,1270.489,517094584.22659993
06.11.2017,00:00:00,1270.489,1288.699,1266.042,1275.172,617571162.2238001
13.11.2017,00:00:00,1275.168,1296.941,1269.902,1293.521,599531350.8511
20.11.2017,00:00:00,1293.522,1294.658,1274.569,1287.362,514569206.47620004
27.11.2017,00:00:00,1287.361,1299.168,1270.371,1273.821,563614889.8602
04.12.2017,00:00:00,1273.822,1277.131,1243.639,1248.492,566805208.0869
11.12.2017,00:00:00,1248.502,1261.809,1236.461,1253.869,531492242.5746
18.12.2017,00:00:00,1253.858,1276.121,1252.742,1274.752,486497489.9292
25.12.2017,00:00:00,1274.271,1307.552,1273.248,1302.622,337813539.1474
01.01.2018,00:00:00,1302.622,1325.969,1302.231,1319.531,432283241.3915002
08.01.2018,00:00:00,1319.512,1339.301,1308.168,1336.912,516622725.36780006
15.01.2018,00:00:00,1336.938,1344.672,1324.251,1334.761,512687717.9826
22.01.2018,00:00:00,1334.762,1366.002,1328.409,1351.131,554884587.2882998
29.01.2018,00:00:00,1351.151,1352.358,1327.401,1332.551,482639397.5018002
05.02.2018,00:00:00,1332.551,1346.062,1307.018,1316.271,634863087.2967
12.02.2018,00:00:00,1316.271,1361.682,1315.971,1348.018,481840353.5492
19.02.2018,00:00:00,1348.021,1351.351,1320.898,1327.032,459711413.00550014
26.02.2018,00:00:00,1327.031,1341.042,1302.758,1323.072,541930776.9954991
05.03.2018,00:00:00,1323.072,1340.468,1312.829,1323.078,572594290.7113026
12.03.2018,00:00:00,1323.069,1329.989,1309.619,1313.121,216499790.04310018