29.12.2003,00:00:00,0.64738,0.66165,0.64664,0.66108,440139.1997
05.01.2004,00:00:00,0.66102,0.68259,0.66060,0.68208,627481.4951000001
12.01.2004,00:00:00,0.68214,0.68681,0.66018,0.66068,689293.089
19.01.2004,00:00:00,0.66050,0.67911,0.65179,0.67060,674601.8956
26.01.2004,00:00:00,0.67076,0.67950,0.66313,0.67249,697763.0157000001
02.02.2004,00:00:00,0.67253,0.69465,0.66994,0.68827,687761.0957000001
09.02.2004,00:00:00,0.68820,0.70554,0.68802,0.70118,701815.0919999998
16.02.2004,00:00:00,0.70100,0.70954,0.67347,0.68057,714227.8908
23.02.2004,00:00:00,0.68065,0.69558,0.67619,0.68818,722630.5001000001
01.03.2004,00:00:00,0.68824,0.69469,0.66138,0.67379,724008.2939999999
08.03.2004,00:00:00,0.67394,0.68396,0.63345,0.64200,730282.2970000001
15.03.2004,00:00:00,0.64206,0.66178,0.63904,0.65480,710621.4033
22.03.2004,00:00:00,0.65477,0.66426,0.64121,0.64863,735744.503
29.03.2004,01:00:00,0.64882,0.67019,0.64669,0.65542,731932.9972
05.04.2004,01:00:00,0.65555,0.66307,0.64640,0.65947,710310.0109
12.04.2004,01:00:00,0.65940,0.66389,0.62971,0.64022,778666.0812
19.04.2004,01:00:00,0.64022,0.64800,0.61784,0.62428,757631.2032
26.04.2004,01:00:00,0.62425,0.63217,0.61393,0.62715,729003.5059999999
03.05.2004,01:00:00,0.62715,0.63798,0.61466,0.61501,729845.3066000001
10.05.2004,01:00:00,0.61506,0.61557,0.59583,0.60147,735798.3966
17.05.2004,01:00:00,0.60210,0.61413,0.59098,0.60864,726156.0047999999
24.05.2004,01:00:00,0.60852,0.63701,0.60598,0.63028,721252.7002999999
31.05.2004,01:00:00,0.63042,0.63723,0.61542,0.62378,708449.5020000001
07.06.2004,01:00:00,0.62393,0.63497,0.61586,0.62650,719878.2853
14.06.2004,01:00:00,0.62648,0.63945,0.61894,0.62722,724543.1075
21.06.2004,01:00:00,0.62740,0.63991,0.62222,0.63673,712746.2051
28.06.2004,01:00:00,0.63687,0.64939,0.62631,0.64663,722750.6895
05.07.2004,01:00:00,0.64671,0.65878,0.64538,0.65847,720716.4093
12.07.2004,01:00:00,0.65836,0.66217,0.64738,0.66010,716604.1152
19.07.2004,01:00:00,0.65996,0.66098,0.63265,0.63365,721677.0996999999
26.07.2004,01:00:00,0.63372,0.64044,0.62318,0.63641,724250.2003
02.08.2004,01:00:00,0.63642,0.65550,0.63563,0.65388,717839.3966
09.08.2004,01:00:00,0.65415,0.66679,0.64712,0.66495,728429.2853
16.08.2004,01:00:00,0.66509,0.67444,0.66148,0.67223,727580.3028
23.08.2004,01:00:00,0.67211,0.67229,0.64502,0.65175,729463.9121000001
30.08.2004,01:00:00,0.65201,0.65891,0.64392,0.64870,729473.9103
06.09.2004,01:00:00,0.64899,0.66022,0.64075,0.65649,729730.6036000001
13.09.2004,01:00:00,0.65656,0.66348,0.65397,0.65964,720178.7051
20.09.2004,01:00:00,0.65971,0.66887,0.65822,0.66782,716072.3966
27.09.2004,01:00:00,0.66786,0.67885,0.66327,0.67185,734625.8781
04.10.2004,01:00:00,0.67182,0.68632,0.66680,0.68277,734322.3066000001
11.10.2004,01:00:00,0.68271,0.68962,0.67080,0.68616,733584.881
18.10.2004,01:00:00,0.68609,0.69775,0.68178,0.69747,732066.0909999999
25.10.2004,01:00:00,0.69752,0.70509,0.67778,0.68670,747930.2158
01.11.2004,00:00:00,0.68684,0.69617,0.68067,0.69460,725806.5059
08.11.2004,00:00:00,0.69479,0.69598,0.68182,0.69394,725081.6934
15.11.2004,00:00:00,0.69384,0.71245,0.69365,0.71001,715740.3096
22.11.2004,00:00:00,0.70999,0.72069,0.70381,0.71457,719741.4093
29.11.2004,00:00:00,0.71461,0.72553,0.70960,0.72066,735119.8947
06.12.2004,00:00:00,0.72074,0.72641,0.69746,0.70233,738433.3097
13.12.2004,00:00:00,0.70251,0.72042,0.70241,0.71492,730167.7843
20.12.2004,00:00:00,0.71486,0.71880,0.70824,0.71620,719741.5031000001
27.12.2004,00:00:00,0.71662,0.72468,0.71050,0.71825,687432.1015000001
03.01.2005,00:00:00,0.71781,0.71854,0.69185,0.69504,740828.8184000001
10.01.2005,00:00:00,0.69498,0.70866,0.69241,0.69828,729730.3878
17.01.2005,00:00:00,0.69830,0.71601,0.69005,0.71480,701201.6017
24.01.2005,00:00:00,0.71477,0.71906,0.70769,0.71063,733408.1065999999
31.01.2005,00:00:00,0.71068,0.71479,0.70641,0.70669,719422.8097000001
07.02.2005,00:00:00,0.70649,0.71480,0.69515,0.71237,739267.3907000001
14.02.2005,00:00:00,0.71244,0.72435,0.70933,0.72255,751490.0186000002
21.02.2005,00:00:00,0.72247,0.73010,0.71791,0.72234,753917.3028000001
28.02.2005,00:00:00,0.72242,0.73619,0.72113,0.73387,746726.6065
07.03.2005,00:00:00,0.73403,0.74450,0.73159,0.74160,755198.9845
14.03.2005,00:00:00,0.74143,0.74584,0.73528,0.74228,750665.4972
21.03.2005,00:00:00,0.74257,0.74282,0.71139,0.71225,750383.6974000001
28.03.2005,01:00:00,0.71227,0.71572,0.70378,0.70580,911040.0996
04.04.2005,01:00:00,0.70606,0.71834,0.70115,0.71711,941994.4005000001
11.04.2005,01:00:00,0.71706,0.72658,0.71181,0.71580,860918.4102
18.04.2005,01:00:00,0.71589,0.73285,0.70923,0.73205,866308.7130000001
25.04.2005,01:00:00,0.73213,0.73462,0.71868,0.72958,817338.3126000001
02.05.2005,01:00:00,0.72967,0.73747,0.72363,0.73151,829858.2032999999
09.05.2005,01:00:00,0.73175,0.73385,0.70990,0.71042,838344.1876
16.05.2005,01:00:00,0.71054,0.71467,0.70392,0.70751,864503.5039
23.05.2005,01:00:00,0.70770,0.71599,0.70582,0.71167,834589.0001000001
30.05.2005,01:00:00,0.71197,0.71438,0.69518,0.69936,838553.7071
06.06.2005,01:00:00,0.69995,0.71672,0.69899,0.70576,926777.0842
13.06.2005,01:00:00,0.70591,0.71837,0.70281,0.71647,822085.8028000001
20.06.2005,01:00:00,0.71630,0.71895,0.70294,0.70448,899530.2873
27.06.2005,01:00:00,0.70482,0.70956,0.67992,0.68097,867749.1211000001
04.07.2005,01:00:00,0.68094,0.68176,0.66822,0.67385,889724.2032
11.07.2005,01:00:00,0.67396,0.68713,0.67015,0.67484,889890.4023000001
18.07.2005,01:00:00,0.67497,0.68867,0.67075,0.68458,1009879.0197000001
25.07.2005,01:00:00,0.68453,0.68530,0.67643,0.67864,926145.209
01.08.2005,01:00:00,0.67850,0.69280,0.67850,0.68917,879860.3947
08.08.2005,01:00:00,0.68923,0.71075,0.68860,0.71000,995113.2032
15.08.2005,01:00:00,0.70998,0.71049,0.69176,0.69202,902027.7072000001
22.08.2005,01:00:00,0.69240,0.70055,0.69154,0.69642,837068.6096000001
29.08.2005,01:00:00,0.69640,0.70881,0.68619,0.70666,840288.4062000001
05.09.2005,01:00:00,0.70670,0.71204,0.70222,0.70837,925852.7969000001
12.09.2005,01:00:00,0.70821,0.71059,0.69909,0.69955,948012.6876000001
19.09.2005,01:00:00,0.69987,0.70320,0.68503,0.68712,883338.3946
26.09.2005,01:00:00,0.68714,0.69380,0.67770,0.69261,995460.3184000001
03.10.2005,01:00:00,0.69257,0.70095,0.68877,0.69505,870632.8946
10.10.2005,01:00:00,0.69507,0.70000,0.68760,0.69586,730468.5996999999
17.10.2005,01:00:00,0.69580,0.70429,0.69211,0.69929,720067.3984999999
24.10.2005,01:00:00,0.69916,0.70880,0.69882,0.70238,696146.1847
31.10.2005,00:00:00,0.70256,0.70517,0.68089,0.68167,708198.4005
07.11.2005,00:00:00,0.68179,0.69063,0.67379,0.68606,710425.0997
14.11.2005,00:00:00,0.68592,0.68907,0.67733,0.68839,660843.5957999999
21.11.2005,00:00:00,0.68841,0.69727,0.68387,0.69659,650767.4970999999
28.11.2005,00:00:00,0.69663,0.71305,0.69457,0.71287,649194.0917999999
05.12.2005,00:00:00,0.71292,0.71951,0.69626,0.70267,648713.5019
12.12.2005,00:00:00,0.70277,0.71156,0.68598,0.68897,653432.3956
19.12.2005,00:00:00,0.68903,0.69353,0.66989,0.67337,654009.9894
26.12.2005,00:00:00,0.67353,0.68514,0.67069,0.68310,657648.9004
02.01.2006,00:00:00,0.68318,0.69152,0.67780,0.69028,653939.0908
09.01.2006,00:00:00,0.69035,0.69985,0.68969,0.69964,647746.6973
16.01.2006,00:00:00,0.69973,0.69982,0.67619,0.68077,671021.5996
23.01.2006,00:00:00,0.68110,0.68930,0.67541,0.68087,669348.6122000001
30.01.2006,00:00:00,0.68093,0.69153,0.67901,0.68714,649021.6984
06.02.2006,00:00:00,0.68722,0.68740,0.67352,0.67823,650868.8067
13.02.2006,00:00:00,0.67833,0.68040,0.66193,0.66866,655293.8964
20.02.2006,00:00:00,0.66872,0.67046,0.65580,0.65727,662902.5859999999
27.02.2006,00:00:00,0.65733,0.66812,0.65676,0.66696,650352.0919
06.03.2006,00:00:00,0.66703,0.66720,0.63965,0.64265,664446.9082000001
13.03.2006,00:00:00,0.64270,0.64708,0.62993,0.63187,662945.4005000001
20.03.2006,00:00:00,0.63190,0.63196,0.60750,0.61097,675289.1035000001
27.03.2006,01:00:00,0.61112,0.61641,0.59885,0.61494,675334.6153
03.04.2006,01:00:00,0.61493,0.61830,0.60101,0.60705,673124.5177000001
10.04.2006,01:00:00,0.60707,0.62526,0.60574,0.61772,661912.7032000001
17.04.2006,01:00:00,0.61777,0.63554,0.61770,0.63395,664010.9062
24.04.2006,01:00:00,0.63403,0.63872,0.62332,0.63645,667204.1992
01.05.2006,01:00:00,0.63653,0.64411,0.63340,0.64177,658697.9034
08.05.2006,01:00:00,0.64183,0.64258,0.62013,0.62667,671348.4962
15.05.2006,01:00:00,0.62670,0.62951,0.61536,0.61870,669264.2998
22.05.2006,01:00:00,0.61873,0.64136,0.61397,0.63442,673922.9972999999
29.05.2006,01:00:00,0.63448,0.64250,0.62273,0.63132,665090.3985000001
05.06.2006,01:00:00,0.63138,0.63505,0.62244,0.63145,667629.1855999999
12.06.2006,01:00:00,0.63144,0.63339,0.61529,0.61737,667810.799
19.06.2006,01:00:00,0.61743,0.62200,0.60322,0.60797,663832.5177000001
26.06.2006,01:00:00,0.60803,0.61220,0.59263,0.60784,667778.3076000001
03.07.2006,01:00:00,0.60788,0.61169,0.60230,0.61087,664333.4162
10.07.2006,01:00:00,0.61092,0.62227,0.60960,0.62108,661240.3955999999
17.07.2006,01:00:00,0.62103,0.62794,0.61625,0.62333,659315.3066000001
24.07.2006,01:00:00,0.62338,0.62720,0.61412,0.61772,664928.3956
31.07.2006,01:00:00,0.61779,0.62650,0.61508,0.62617,662449.2949999998
07.08.2006,01:00:00,0.62618,0.63613,0.61875,0.63465,664095.8028
14.08.2006,01:00:00,0.63477,0.64354,0.62758,0.63834,661194.7031
21.08.2006,01:00:00,0.63843,0.64232,0.63290,0.63567,656837.1904000001
28.08.2006,01:00:00,0.63570,0.65774,0.63520,0.65666,683101.9005000001
04.09.2006,01:00:00,0.65687,0.65752,0.63522,0.63725,885874.4005
11.09.2006,01:00:00,0.63734,0.66490,0.63382,0.66327,925794.9816
18.09.2006,01:00:00,0.66334,0.66558,0.65435,0.66137,859632.3947
25.09.2006,01:00:00,0.66123,0.67197,0.64985,0.65160,972859.9025
02.10.2006,01:00:00,0.65151,0.66553,0.64827,0.65699,938202.6934
09.10.2006,01:00:00,0.65707,0.66157,0.65328,0.65594,878703.5977
16.10.2006,01:00:00,0.65594,0.66915,0.65416,0.66726,930292.7971000001
23.10.2006,01:00:00,0.66745,0.66864,0.65284,0.66222,742705.5109
30.10.2006,00:00:00,0.66226,0.67482,0.66017,0.66974,682948.293
06.11.2006,00:00:00,0.66974,0.67254,0.66088,0.66450,675723.1143000001
13.11.2006,00:00:00,0.66457,0.66633,0.65718,0.66559,671615.0880000001
20.11.2006,00:00:00,0.66557,0.67362,0.66392,0.67218,671030.1895
27.11.2006,00:00:00,0.67223,0.68837,0.66788,0.68694,667487.708
04.12.2006,00:00:00,0.68702,0.69361,0.68110,0.68507,682139.2062
11.12.2006,00:00:00,0.68510,0.69428,0.68390,0.68869,675529.5098000001
18.12.2006,00:00:00,0.68864,0.70099,0.68818,0.69907,672277.4894
25.12.2006,00:00:00,0.69898,0.70667,0.69755,0.70537,681519.9044
01.01.2007,00:00:00,0.70526,0.70942,0.68519,0.68614,688093.4093
08.01.2007,00:00:00,0.68622,0.69360,0.68395,0.69188,677901.7169
15.01.2007,00:00:00,0.69203,0.69713,0.68838,0.69423,676701.3964999999
22.01.2007,00:00:00,0.69432,0.70328,0.69196,0.69526,676610.9980999999
29.01.2007,00:00:00,0.69535,0.69879,0.67664,0.68347,682325.4014
05.02.2007,00:00:00,0.68345,0.68892,0.67778,0.68342,696639.3009
12.02.2007,00:00:00,0.68357,0.70082,0.68143,0.69976,703178.8096
19.02.2007,00:00:00,0.69985,0.70830,0.69850,0.70818,683923.2158000001
26.02.2007,00:00:00,0.70822,0.71197,0.68441,0.68447,691930.8009
05.03.2007,00:00:00,0.68433,0.69371,0.67168,0.69364,690170.7784999999
12.03.2007,00:00:00,0.69366,0.69995,0.68304,0.69641,698567.3858
19.03.2007,00:00:00,0.69655,0.71557,0.69557,0.71015,662603.7949
26.03.2007,01:00:00,0.71036,0.71996,0.70783,0.71450,619900.2989
02.04.2007,01:00:00,0.71450,0.72525,0.71360,0.72100,1048188.2940999999
09.04.2007,01:00:00,0.72039,0.74120,0.71865,0.74050,629408.5108
16.04.2007,01:00:00,0.74050,0.74920,0.73630,0.74636,1081190.5029999998
23.04.2007,01:00:00,0.74670,0.74840,0.73495,0.73800,1267579.2189999998
30.04.2007,01:00:00,0.73810,0.74450,0.73297,0.73445,1736682.5000999998
07.05.2007,01:00:00,0.73450,0.74000,0.72500,0.73700,2666162.0742
14.05.2007,01:00:00,0.73690,0.74040,0.72650,0.73050,3163085.0508
21.05.2007,01:00:00,0.73050,0.73160,0.72357,0.72560,3054087.1641
28.05.2007,01:00:00,0.72555,0.74570,0.72465,0.74400,3059121.6133
04.06.2007,01:00:00,0.74400,0.76436,0.74336,0.76160,4292834.1367
11.06.2007,01:00:00,0.76160,0.76320,0.74525,0.75320,4462287.7617
18.06.2007,01:00:00,0.75315,0.76810,0.75170,0.76635,3951231.8984
25.06.2007,01:00:00,0.76635,0.77460,0.75700,0.77260,3946325
02.07.2007,01:00:00,0.77270,0.78800,0.77247,0.78180,3081103.8867
09.07.2007,01:00:00,0.78180,0.78920,0.77140,0.78760,4128624.1367
16.07.2007,01:00:00,0.78760,0.79900,0.78570,0.79800,3280077.4883
23.07.2007,01:00:00,0.79800,0.81080,0.75580,0.76220,4253242.9609
30.07.2007,01:00:00,0.76210,0.77310,0.75290,0.75840,4213461.8633
06.08.2007,01:00:00,0.75840,0.77020,0.73990,0.74425,4004398.8125
13.08.2007,01:00:00,0.74425,0.74720,0.66390,0.69210,4338381.7754
20.08.2007,01:00:00,0.69210,0.72710,0.68240,0.72640,3610470.9141
27.08.2007,01:00:00,0.72650,0.72720,0.68670,0.70250,3718682.5742
03.09.2007,01:00:00,0.70250,0.70630,0.68320,0.68600,3172786.9296999997
10.09.2007,01:00:00,0.68600,0.71850,0.68230,0.71195,3066360.3808999998
17.09.2007,01:00:00,0.71195,0.74670,0.70030,0.74310,2789973.2813
24.09.2007,01:00:00,0.74305,0.76059,0.73045,0.76030,2868194.5938
01.10.2007,01:00:00,0.76030,0.76680,0.75010,0.76420,4755245.7891
08.10.2007,01:00:00,0.76420,0.77850,0.75830,0.77340,5015105.2266
15.10.2007,01:00:00,0.77340,0.77390,0.73850,0.74060,3069102.5626
22.10.2007,01:00:00,0.74060,0.77030,0.73645,0.76920,8112434.875
29.10.2007,00:00:00,0.76920,0.77385,0.75690,0.76325,8004961.2188
05.11.2007,00:00:00,0.76325,0.78915,0.75410,0.76040,3057427.3868
12.11.2007,00:00:00,0.76050,0.76755,0.74335,0.75900,3360554.125
19.11.2007,00:00:00,0.75900,0.76660,0.74555,0.76115,2334680.3751
26.11.2007,00:00:00,0.76115,0.77595,0.74860,0.76390,10592087.5
03.12.2007,00:00:00,0.76400,0.78165,0.75765,0.77435,2124841.8516
10.12.2007,00:00:00,0.77401,0.79370,0.76429,0.76820,1896174.3380999996
17.12.2007,00:00:00,0.76820,0.76870,0.75050,0.76430,1108210.6056
24.12.2007,00:00:00,0.76420,0.77550,0.76189,0.77530,867077.2716
31.12.2007,00:00:00,0.77520,0.77885,0.76301,0.76790,1145917.4963
07.01.2008,00:00:00,0.76780,0.78790,0.76110,0.78360,2278637.9455
14.01.2008,00:00:00,0.78360,0.79320,0.75605,0.76110,2479166.4317
21.01.2008,00:00:00,0.76110,0.77490,0.73850,0.76980,6002897.7617
28.01.2008,00:00:00,0.76980,0.79600,0.76650,0.79160,1797501.2267999996
04.02.2008,00:00:00,0.79160,0.79665,0.77800,0.78805,1295171.6465
11.02.2008,00:00:00,0.78805,0.79560,0.78120,0.79070,682328.5234
18.02.2008,00:00:00,0.79070,0.80980,0.78965,0.80645,495147.1563
25.02.2008,00:00:00,0.80645,0.82130,0.79250,0.79530,4033644.7969
03.03.2008,00:00:00,0.79530,0.80820,0.79055,0.79360,4430705.2734
10.03.2008,00:00:00,0.79360,0.82140,0.78740,0.81630,3242979.3281
17.03.2008,00:00:00,0.81630,0.81990,0.78645,0.79010,3694466.5156
24.03.2008,00:00:00,0.79010,0.81010,0.78815,0.79095,2676383.5938999997
31.03.2008,01:00:00,0.79095,0.79455,0.77810,0.78810,3550044.8126
07.04.2008,01:00:00,0.78810,0.80240,0.78650,0.78750,2146009
14.04.2008,01:00:00,0.78750,0.79450,0.78260,0.79070,698898.0196
21.04.2008,01:00:00,0.79070,0.80315,0.77820,0.78330,723701.0528000001
28.04.2008,01:00:00,0.78296,0.78780,0.77250,0.77970,666095.8936000001
05.05.2008,01:00:00,0.77970,0.79355,0.76500,0.76540,698650.003
12.05.2008,01:00:00,0.76540,0.77486,0.75365,0.77143,529060.1407
19.05.2008,01:00:00,0.77180,0.79020,0.77042,0.78490,508370.6192
26.05.2008,01:00:00,0.78490,0.79210,0.77675,0.78360,278604.6939
02.06.2008,01:00:00,0.78360,0.78910,0.76140,0.76810,158457.7422
09.06.2008,01:00:00,0.76810,0.77030,0.74460,0.75040,374595.64160000003
16.06.2008,01:00:00,0.75050,0.76460,0.74850,0.76250,488915.6074
23.06.2008,01:00:00,0.76260,0.76330,0.75320,0.76250,642733.2167999999
30.06.2008,01:00:00,0.76250,0.76625,0.75410,0.75870,469928.3828000001
07.07.2008,01:00:00,0.75843,0.76480,0.74831,0.75960,477158.91599999997
14.07.2008,01:00:00,0.75960,0.77610,0.75844,0.76030,358302.728
21.07.2008,01:00:00,0.76030,0.76330,0.73875,0.74200,468842.93890000007
28.07.2008,01:00:00,0.74180,0.74660,0.72445,0.72770,550323.9814999999
04.08.2008,01:00:00,0.72800,0.73330,0.69810,0.70050,620866.9531
11.08.2008,01:00:00,0.70050,0.70820,0.68235,0.70480,597572.0342
18.08.2008,01:00:00,0.70480,0.72150,0.70385,0.70900,600425.9922
25.08.2008,01:00:00,0.70900,0.70915,0.68965,0.69913,580994.7187
01.09.2008,01:00:00,0.69911,0.69980,0.65895,0.67610,864215.8028
08.09.2008,01:00:00,0.67610,0.68370,0.64365,0.66760,955909.7971000001
15.09.2008,01:00:00,0.66765,0.69152,0.64865,0.68675,565728.0595999999
22.09.2008,01:00:00,0.68695,0.69520,0.67745,0.68840,334438.5977
29.09.2008,01:00:00,0.68835,0.68840,0.65410,0.65510,450225.3926
06.10.2008,01:00:00,0.65515,0.65650,0.57825,0.61250,4525802.4922
13.10.2008,01:00:00,0.61250,0.63460,0.59075,0.61140,7347138.1992
20.10.2008,01:00:00,0.61150,0.62590,0.54885,0.55890,6317642.5508
27.10.2008,00:00:00,0.55890,0.60300,0.53480,0.58665,951637.2726000001
03.11.2008,00:00:00,0.58675,0.61270,0.57875,0.59695,234433.4032
10.11.2008,00:00:00,0.59700,0.60455,0.54579,0.54830,239037.8915
17.11.2008,00:00:00,0.54830,0.56205,0.51860,0.53810,285294.4968
24.11.2008,00:00:00,0.53770,0.55855,0.52815,0.54430,284753.7943
01.12.2008,00:00:00,0.54435,0.54550,0.52010,0.53390,250825.4229
08.12.2008,00:00:00,0.53390,0.55700,0.53135,0.54870,297563.7211
15.12.2008,00:00:00,0.54875,0.60800,0.54735,0.57583,310763.05710000003
22.12.2008,00:00:00,0.57595,0.58145,0.56481,0.57620,244388.9024
29.12.2008,00:00:00,0.57615,0.59140,0.57285,0.59025,165172.3008
05.01.2009,00:00:00,0.59025,0.60340,0.58020,0.58800,364434.1982
12.01.2009,00:00:00,0.58800,0.58875,0.52765,0.55155,412243.7954
19.01.2009,00:00:00,0.55175,0.55440,0.51660,0.52605,468613.9092
26.01.2009,00:00:00,0.52605,0.53730,0.50455,0.50800,416646.6001
02.02.2009,00:00:00,0.50800,0.53640,0.49605,0.53120,579099.0636
09.02.2009,00:00:00,0.53115,0.54455,0.51345,0.52030,623713.8633
16.02.2009,00:00:00,0.52030,0.52220,0.50075,0.50900,541712.022
23.02.2009,00:00:00,0.50895,0.51940,0.49495,0.49525,586507.1827
02.03.2009,00:00:00,0.49530,0.50925,0.48930,0.50495,630736.3955999999
09.03.2009,00:00:00,0.50500,0.52675,0.49120,0.52265,587406.4516
16.03.2009,00:00:00,0.52270,0.56255,0.52155,0.56030,504247.5468
23.03.2009,00:00:00,0.56030,0.58015,0.55500,0.56690,430250.5986
30.03.2009,01:00:00,0.56690,0.59325,0.55270,0.59210,418424.45900000003
06.04.2009,01:00:00,0.59210,0.59770,0.56920,0.58480,348932.90030000004
13.04.2009,01:00:00,0.58495,0.59335,0.56482,0.56745,437729.6827
20.04.2009,01:00:00,0.56745,0.57375,0.54860,0.56640,401693.27629999997
27.04.2009,01:00:00,0.56640,0.57765,0.55270,0.56963,509025.1095
04.05.2009,01:00:00,0.57295,0.60670,0.57085,0.60640,651401.9986
11.05.2009,01:00:00,0.60660,0.61252,0.58314,0.58460,596152.7001
18.05.2009,01:00:00,0.58440,0.62375,0.58315,0.61735,669190.2998000002
25.05.2009,01:00:00,0.61725,0.64175,0.60900,0.63840,707598.2373
01.06.2009,01:00:00,0.63840,0.65940,0.62165,0.62690,785516.2721000002
08.06.2009,01:00:00,0.62690,0.64680,0.61515,0.63822,800422.1309999999
15.06.2009,01:00:00,0.63825,0.64820,0.62351,0.64170,337060.94680000003
22.06.2009,01:00:00,0.64170,0.64865,0.62545,0.64705,467299.104
29.06.2009,01:00:00,0.64705,0.65495,0.62613,0.62820,692237.4937999999
06.07.2009,01:00:00,0.62805,0.63950,0.61960,0.62833,1319675.0937
13.07.2009,01:00:00,0.62855,0.65125,0.61960,0.64705,1125436.922
20.07.2009,01:00:00,0.64705,0.66285,0.64630,0.65384,959714.8437999999
27.07.2009,01:00:00,0.65390,0.66590,0.64719,0.66365,1218585.091
03.08.2009,01:00:00,0.66365,0.68210,0.66070,0.67160,1175481.5341999999
10.08.2009,01:00:00,0.67160,0.68855,0.65985,0.67470,552718.15
17.08.2009,01:00:00,0.67470,0.68665,0.66430,0.68515,512905.6655
24.08.2009,01:00:00,0.68515,0.68970,0.67740,0.68370,610392.4346999999
31.08.2009,01:00:00,0.68370,0.68960,0.66850,0.68950,598281.6954000001
07.09.2009,01:00:00,0.68940,0.70880,0.68740,0.70430,541333.6765999999
14.09.2009,01:00:00,0.70430,0.71570,0.69635,0.70843,537120.5092
21.09.2009,01:00:00,0.70860,0.73105,0.70165,0.72030,611619.753
28.09.2009,01:00:00,0.72040,0.72525,0.70780,0.71425,680699.5327999999
05.10.2009,01:00:00,0.71425,0.74520,0.71415,0.73370,719563.4284000001
12.10.2009,01:00:00,0.73370,0.74950,0.72495,0.74025,674395.6613
19.10.2009,01:00:00,0.74025,0.76345,0.73685,0.75315,783531.2529000001
26.10.2009,00:00:00,0.75320,0.75665,0.70790,0.71330,803762.2062
02.11.2009,00:00:00,0.71330,0.73500,0.70950,0.73250,812357.4907000001
09.11.2009,00:00:00,0.73250,0.74605,0.73075,0.74350,782289.9048
16.11.2009,00:00:00,0.74350,0.75230,0.71990,0.72420,653205.9077999999
23.11.2009,00:00:00,0.72420,0.73670,0.70235,0.71375,614293.792
30.11.2009,00:00:00,0.71375,0.73000,0.71225,0.71640,683322.5704000001
07.12.2009,00:00:00,0.71640,0.73185,0.70425,0.72415,772686.5421000002
14.12.2009,00:00:00,0.72415,0.72975,0.70630,0.71050,712152.4
21.12.2009,00:00:00,0.71060,0.71130,0.69685,0.70585,440743.1015
28.12.2009,00:00:00,0.70590,0.72895,0.70540,0.72355,336828.7469
04.01.2010,00:00:00,0.72355,0.74285,0.71930,0.73995,615438.4767
11.01.2010,00:00:00,0.73995,0.74420,0.73270,0.73525,588480.6923999999
18.01.2010,00:00:00,0.73535,0.74080,0.70900,0.71295,599038.3189000001
25.01.2010,00:00:00,0.71295,0.71690,0.69929,0.70325,763026.1408
01.02.2010,00:00:00,0.70325,0.71495,0.68070,0.68660,682362.1812999999
08.02.2010,00:00:00,0.68660,0.70235,0.68165,0.69640,649253.4984
15.02.2010,00:00:00,0.69640,0.70795,0.69305,0.70010,661954.044
22.02.2010,00:00:00,0.70010,0.70580,0.68465,0.69965,740905.7935000001
01.03.2010,00:00:00,0.69970,0.70165,0.68459,0.69925,657763.4658
08.03.2010,00:00:00,0.69925,0.70975,0.69615,0.70355,803789.6344
15.03.2010,00:00:00,0.70355,0.71785,0.69865,0.70630,847041.8971000001
22.03.2010,00:00:00,0.70630,0.71005,0.69935,0.70370,851240.5937999999
29.03.2010,01:00:00,0.70365,0.71315,0.70319,0.70589,743164.9
05.04.2010,01:00:00,0.70645,0.71935,0.69650,0.71790,653435.1704000001
12.04.2010,01:00:00,0.71790,0.71850,0.70640,0.70850,952507.6626
19.04.2010,01:00:00,0.70850,0.71790,0.70530,0.71670,1081064.1563000001
26.04.2010,01:00:00,0.71680,0.73250,0.70980,0.72835,863312.8282
03.05.2010,01:00:00,0.72835,0.73230,0.70050,0.71650,861365.4189
10.05.2010,01:00:00,0.71650,0.72960,0.70530,0.70575,775409.8687
17.05.2010,01:00:00,0.70565,0.70735,0.66195,0.67455,832662.2764000001
24.05.2010,01:00:00,0.67455,0.68615,0.65600,0.67730,763161.5718
31.05.2010,01:00:00,0.67730,0.68985,0.66605,0.66730,573068.1007000001
07.06.2010,01:00:00,0.66725,0.69265,0.65725,0.69235,607526.1436
14.06.2010,01:00:00,0.69240,0.71370,0.68865,0.71175,428004.1836
21.06.2010,01:00:00,0.71175,0.71595,0.69945,0.71295,406306.10300000006
28.06.2010,01:00:00,0.71295,0.71460,0.67935,0.68565,491055.5532
05.07.2010,01:00:00,0.68565,0.71155,0.68235,0.70975,466574.54199999996
12.07.2010,01:00:00,0.70975,0.73025,0.70395,0.70395,543054.4345999999
19.07.2010,01:00:00,0.70395,0.72895,0.70287,0.72675,454804.425
26.07.2010,01:00:00,0.72675,0.73955,0.71910,0.72795,513410.0625
02.08.2010,01:00:00,0.72795,0.73555,0.72465,0.73065,497528.2984
09.08.2010,01:00:00,0.73065,0.73305,0.70451,0.70515,708636.7749999998
16.08.2010,01:00:00,0.70530,0.71920,0.69970,0.70560,609666.8798999999
23.08.2010,01:00:00,0.70560,0.71400,0.69485,0.71175,613608.4968
30.08.2010,01:00:00,0.71175,0.72185,0.69650,0.71960,577114.4624
06.09.2010,01:00:00,0.71960,0.73160,0.71595,0.73055,574923.6876
13.09.2010,01:00:00,0.73055,0.73935,0.72145,0.72598,618036.8452
20.09.2010,01:00:00,0.72620,0.74160,0.72490,0.73555,598500.0654000001
27.09.2010,01:00:00,0.73560,0.74620,0.73040,0.74290,710468.3545000001
04.10.2010,01:00:00,0.74290,0.75915,0.73565,0.75640,637057.1124000001
11.10.2010,01:00:00,0.75640,0.76430,0.74790,0.75335,776318.4502999999
18.10.2010,01:00:00,0.75335,0.75995,0.74260,0.74805,727995.422
25.10.2010,01:00:00,0.74805,0.76701,0.74045,0.76589,521164.8047
01.11.2010,00:00:00,0.76583,0.79755,0.76334,0.79232,426781.39650000003
08.11.2010,00:00:00,0.79232,0.79303,0.76981,0.77502,427395.0031
15.11.2010,00:00:00,0.77505,0.78143,0.76310,0.78060,153571.29799999998
22.11.2010,00:00:00,0.78055,0.78364,0.74793,0.75097,147936.0991
29.11.2010,00:00:00,0.75094,0.76730,0.73969,0.76506,343256.696
06.12.2010,00:00:00,0.76505,0.76652,0.74347,0.74702,338923.19920000003
13.12.2010,00:00:00,0.74702,0.75756,0.73426,0.73556,380033.0677
20.12.2010,00:00:00,0.73556,0.75009,0.73460,0.74615,345505.94340000005
27.12.2010,00:00:00,0.74616,0.78127,0.74542,0.77804,241055.5981
03.01.2011,00:00:00,0.77804,0.77829,0.75498,0.75905,372183.0729
10.01.2011,00:00:00,0.75903,0.77261,0.75603,0.76857,447335.7776
17.01.2011,00:00:00,0.76891,0.77863,0.75247,0.75855,393230.9824
24.01.2011,00:00:00,0.75865,0.77927,0.75663,0.76912,317827.19670000003
31.01.2011,00:00:00,0.76912,0.78239,0.76662,0.76980,316567.4524
07.02.2011,00:00:00,0.76980,0.77863,0.75513,0.75727,296948.1441
14.02.2011,00:00:00,0.75730,0.76548,0.75045,0.76329,310556.3453
21.02.2011,00:00:00,0.76329,0.76520,0.74272,0.75162,380121.9609
28.02.2011,00:00:00,0.75162,0.75533,0.73382,0.73721,392322.02739999996
07.03.2011,00:00:00,0.73721,0.74552,0.73220,0.73934,393229.0092
14.03.2011,00:00:00,0.73950,0.74127,0.71131,0.73193,509264.96140000003
21.03.2011,00:00:00,0.73191,0.75752,0.73067,0.75160,367501.2714
28.03.2011,01:00:00,0.75160,0.76934,0.74890,0.76836,349339.6976000001
04.04.2011,01:00:00,0.76836,0.78341,0.76602,0.78216,376896.9539
11.04.2011,01:00:00,0.78216,0.80016,0.77459,0.79386,406530.8334
18.04.2011,01:00:00,0.79387,0.80374,0.78218,0.80327,354054.7388
25.04.2011,01:00:00,0.80324,0.81073,0.79700,0.80778,341096.3237
02.05.2011,01:00:00,0.80778,0.81207,0.78155,0.79156,475323.78130000003
09.05.2011,01:00:00,0.79157,0.79908,0.78355,0.78465,508813.4084
16.05.2011,01:00:00,0.78465,0.79983,0.77551,0.79447,505127.545
23.05.2011,01:00:00,0.79450,0.82161,0.78580,0.82083,539289.3092
30.05.2011,01:00:00,0.82083,0.82631,0.80724,0.81679,458184.36789999995
06.06.2011,01:00:00,0.81683,0.83008,0.81187,0.82008,455307.00490000006
13.06.2011,01:00:00,0.82008,0.82182,0.79719,0.80965,508807.74319999997
20.06.2011,01:00:00,0.80965,0.81940,0.80192,0.80264,526295.1494
27.06.2011,01:00:00,0.80266,0.83177,0.80079,0.82875,515926.8195
04.07.2011,01:00:00,0.82880,0.83830,0.82329,0.83419,415682.0629
11.07.2011,01:00:00,0.83421,0.85051,0.81099,0.84720,617084.0717999999
18.07.2011,01:00:00,0.84720,0.86738,0.84123,0.86321,491253.94049999997
25.07.2011,01:00:00,0.86321,0.88250,0.86117,0.88009,535364.0411
01.08.2011,01:00:00,0.88009,0.88426,0.82738,0.83479,664039.4708
08.08.2011,01:00:00,0.83482,0.84142,0.79632,0.83533,750754.8789
15.08.2011,01:00:00,0.83532,0.84245,0.81610,0.81758,566728.8204000001
22.08.2011,01:00:00,0.81754,0.84178,0.81612,0.84045,520042.4005
29.08.2011,01:00:00,0.84044,0.85722,0.83995,0.84248,448484.4708
05.09.2011,01:00:00,0.84248,0.84494,0.81616,0.81706,518081.4215
12.09.2011,01:00:00,0.81705,0.83411,0.81183,0.82617,596687.4069000001
19.09.2011,01:00:00,0.82619,0.82865,0.77187,0.77656,626721.8672999999
26.09.2011,01:00:00,0.77654,0.79578,0.76067,0.76197,601610.0699
03.10.2011,01:00:00,0.76195,0.77967,0.74679,0.77089,581854.1463
10.10.2011,01:00:00,0.77091,0.80568,0.77044,0.80303,480906.3652
17.10.2011,01:00:00,0.80305,0.80673,0.78601,0.80166,520655.7436
24.10.2011,01:00:00,0.80166,0.82416,0.79136,0.81942,505671.78150000004
31.10.2011,00:00:00,0.81942,0.82269,0.78056,0.79611,600385.4173000001
07.11.2011,00:00:00,0.79614,0.79975,0.77318,0.79049,572654.9664
14.11.2011,00:00:00,0.79049,0.79052,0.75371,0.75575,783946.1680000001
21.11.2011,00:00:00,0.75574,0.75712,0.73701,0.74993,720689.7130999999
28.11.2011,00:00:00,0.74991,0.78390,0.74870,0.77979,740520.3041000001
05.12.2011,00:00:00,0.77980,0.78785,0.76365,0.77461,645787.2471
12.12.2011,00:00:00,0.77461,0.77478,0.74610,0.76151,685467.6760999999
19.12.2011,00:00:00,0.76151,0.77746,0.75417,0.77390,561230.5131000001
26.12.2011,00:00:00,0.77385,0.78110,0.76526,0.77754,267887.7147
02.01.2012,00:00:00,0.77745,0.79076,0.77364,0.77982,520929.31259999995
09.01.2012,00:00:00,0.77983,0.79808,0.77751,0.79307,665956.0533
16.01.2012,00:00:00,0.79307,0.80814,0.79169,0.80485,687035.0868
23.01.2012,00:00:00,0.80484,0.82496,0.80409,0.82324,692966.4317000001
30.01.2012,00:00:00,0.82323,0.83791,0.81548,0.83391,754516.1358
06.02.2012,00:00:00,0.83369,0.84066,0.82500,0.83010,699616.377
13.02.2012,00:00:00,0.83004,0.84282,0.82443,0.84201,707018.5386999999
20.02.2012,00:00:00,0.84201,0.84226,0.82632,0.83571,602517.2792999999
27.02.2012,00:00:00,0.83571,0.84709,0.82853,0.82899,648802.2649
05.03.2012,00:00:00,0.82898,0.83027,0.80999,0.81877,672278.1861
12.03.2012,00:00:00,0.81877,0.82762,0.80607,0.82649,646421.6889000001
19.03.2012,00:00:00,0.82647,0.82878,0.80584,0.81813,631521.0327999999
26.03.2012,01:00:00,0.81813,0.82636,0.81158,0.82172,618073.6089
02.04.2012,01:00:00,0.82173,0.82627,0.81242,0.81833,533788.5734999999
09.04.2012,01:00:00,0.81833,0.83181,0.81200,0.82140,578230.5727
16.04.2012,01:00:00,0.82137,0.82348,0.81190,0.81848,647793.7375
23.04.2012,01:00:00,0.81848,0.82347,0.80875,0.82324,601253.507
30.04.2012,01:00:00,0.82324,0.82326,0.79095,0.79193,598026.8302000001
07.05.2012,01:00:00,0.79191,0.79728,0.77948,0.78084,743682.0431
14.05.2012,01:00:00,0.78084,0.78239,0.75215,0.75778,864743.2609000001
21.05.2012,01:00:00,0.75778,0.76763,0.74577,0.75860,949592.4199
28.05.2012,01:00:00,0.75860,0.76480,0.74554,0.75092,926672.7538999999
04.06.2012,01:00:00,0.75095,0.77849,0.75005,0.77632,938103.0489
11.06.2012,01:00:00,0.77632,0.79356,0.76696,0.79172,942346.4489000001
18.06.2012,01:00:00,0.79172,0.80161,0.78462,0.78746,907737.8721000002
25.06.2012,01:00:00,0.78759,0.80411,0.78395,0.80142,846579.9893
02.07.2012,01:00:00,0.80142,0.80751,0.79527,0.79685,711023.6691
09.07.2012,01:00:00,0.79685,0.79983,0.78610,0.79645,724394.8038
16.07.2012,01:00:00,0.79644,0.80542,0.79238,0.79637,742833.9487000001
23.07.2012,01:00:00,0.79638,0.81078,0.78074,0.80831,875336.3076000002
30.07.2012,01:00:00,0.80831,0.81981,0.80679,0.81781,814023.9659000001
06.08.2012,01:00:00,0.81780,0.82235,0.80830,0.81089,730603.0298
13.08.2012,01:00:00,0.81090,0.81279,0.80368,0.80765,658706.1343
20.08.2012,01:00:00,0.80763,0.81861,0.80651,0.81035,674245.0889000001
27.08.2012,01:00:00,0.81035,0.81181,0.79691,0.79943,633309.295
03.09.2012,01:00:00,0.79939,0.81248,0.79144,0.81091,732969.4223999999
10.09.2012,01:00:00,0.81090,0.83525,0.80795,0.82857,696209.0713000001
17.09.2012,01:00:00,0.82857,0.83360,0.82073,0.82682,650861.0562
24.09.2012,01:00:00,0.82682,0.83558,0.81828,0.82739,644685.2676
01.10.2012,01:00:00,0.82739,0.83364,0.81519,0.81836,707796.5044
08.10.2012,01:00:00,0.81835,0.82378,0.81451,0.81489,683103.3502
15.10.2012,01:00:00,0.81488,0.82297,0.81084,0.81542,555536.1881
22.10.2012,01:00:00,0.81541,0.82421,0.81006,0.82070,592088.3189000001
29.10.2012,00:00:00,0.82068,0.82874,0.81821,0.82423,463990.357
05.11.2012,00:00:00,0.82424,0.83087,0.81234,0.81471,547169.1691
12.11.2012,00:00:00,0.81471,0.82027,0.80520,0.81314,444846.1715
19.11.2012,00:00:00,0.81316,0.82498,0.81117,0.82377,349303.3156
26.11.2012,00:00:00,0.82374,0.82671,0.81736,0.81909,394801.7054000001
03.12.2012,00:00:00,0.81909,0.83486,0.81704,0.83332,386502.1488
10.12.2012,00:00:00,0.83332,0.84757,0.83230,0.84550,355483.7193
17.12.2012,00:00:00,0.84550,0.84675,0.82138,0.82296,364178.9267
24.12.2012,00:00:00,0.82297,0.82390,0.81549,0.82273,220055.8596
31.12.2012,00:00:00,0.82272,0.83958,0.82106,0.83146,321619.3955
07.01.2013,00:00:00,0.83145,0.84595,0.82860,0.83662,446531.0058
14.01.2013,00:00:00,0.83661,0.84397,0.83292,0.83602,454469.58290000004
21.01.2013,00:00:00,0.83598,0.84464,0.83333,0.83554,368681.9163
28.01.2013,00:00:00,0.83557,0.84824,0.82800,0.84577,469384.62599999993
04.02.2013,00:00:00,0.84580,0.84706,0.82969,0.83517,461111.8287
11.02.2013,00:00:00,0.83517,0.85333,0.83094,0.84558,416109.02770000004
18.02.2013,00:00:00,0.84558,0.84886,0.83134,0.83664,372197.4208
25.02.2013,00:00:00,0.83665,0.84165,0.82150,0.82348,475008.50639999995
04.03.2013,00:00:00,0.82345,0.83489,0.81866,0.82050,338978.21239999996
11.03.2013,00:00:00,0.82047,0.82843,0.81617,0.82239,355500.1837
18.03.2013,00:00:00,0.82241,0.83621,0.82100,0.83551,419619.6308
25.03.2013,00:00:00,0.83551,0.83961,0.83345,0.83734,323277.77189999993
01.04.2013,01:00:00,0.83734,0.84479,0.83509,0.84067,386479.3273
08.04.2013,01:00:00,0.84067,0.86759,0.84053,0.85683,387616.9693
15.04.2013,01:00:00,0.85683,0.85767,0.83771,0.83994,548254.9633000001
22.04.2013,01:00:00,0.83995,0.85621,0.83600,0.84978,507283.76229999994
29.04.2013,01:00:00,0.84978,0.85854,0.84549,0.85362,400089.47270000004
06.05.2013,01:00:00,0.85360,0.85561,0.82583,0.82708,474568.3184
13.05.2013,01:00:00,0.82710,0.83174,0.80596,0.81062,574055.1846999999
20.05.2013,01:00:00,0.81061,0.82122,0.80059,0.80905,613885.5664
27.05.2013,01:00:00,0.80905,0.81607,0.79328,0.79758,614188.9474000001
03.06.2013,01:00:00,0.79758,0.81176,0.78209,0.78485,754525.8589999999
10.06.2013,01:00:00,0.78485,0.81363,0.77599,0.80536,777917.1426
17.06.2013,01:00:00,0.80536,0.80986,0.76997,0.77624,633642.8886
24.06.2013,01:00:00,0.77621,0.78605,0.76825,0.77465,658265.6045000001
01.07.2013,01:00:00,0.77461,0.78586,0.76871,0.76993,608052.9556
08.07.2013,01:00:00,0.76992,0.79689,0.76992,0.78014,563482.773
15.07.2013,01:00:00,0.78011,0.79894,0.77310,0.79346,552824.4253
22.07.2013,01:00:00,0.79347,0.81052,0.79048,0.80769,570928.0742999999
29.07.2013,01:00:00,0.80769,0.80985,0.77467,0.77664,820907.1896
05.08.2013,01:00:00,0.77664,0.80563,0.77361,0.80237,505316.7038
12.08.2013,01:00:00,0.80237,0.81274,0.79340,0.81171,444474.4814
19.08.2013,01:00:00,0.81175,0.81627,0.77613,0.77987,475201.2208
26.08.2013,01:00:00,0.77989,0.78728,0.77204,0.77648,412714.48380000005
02.09.2013,01:00:00,0.77648,0.80212,0.77557,0.79775,377500.6695
09.09.2013,01:00:00,0.79776,0.82260,0.79608,0.81916,347375.2198
16.09.2013,01:00:00,0.81915,0.84353,0.81557,0.83606,343219.4493
23.09.2013,01:00:00,0.83607,0.83895,0.82167,0.82655,304705.3292
30.09.2013,01:00:00,0.82655,0.83501,0.81931,0.83121,363116.1023
07.10.2013,01:00:00,0.83123,0.83539,0.82315,0.83204,335916.2305
14.10.2013,01:00:00,0.83204,0.85242,0.83075,0.84916,329556.0527
21.10.2013,01:00:00,0.84915,0.85435,0.82728,0.82930,337638.2681
28.10.2013,00:00:00,0.82928,0.83321,0.81921,0.82648,370633.2725
04.11.2013,00:00:00,0.82648,0.84147,0.82246,0.82444,391675.9137
11.11.2013,00:00:00,0.82441,0.83565,0.81683,0.83452,434675.79750000004
18.11.2013,00:00:00,0.83447,0.84050,0.81238,0.81923,476406.60899999994
25.11.2013,00:00:00,0.81923,0.82650,0.80838,0.81625,483940.9268
02.12.2013,00:00:00,0.81625,0.82982,0.81410,0.82875,458849.2071
09.12.2013,00:00:00,0.82875,0.83344,0.81851,0.82602,297317.0715
16.12.2013,00:00:00,0.82602,0.82876,0.81493,0.82095,320246.4794
23.12.2013,00:00:00,0.82095,0.82160,0.81408,0.81504,169470.02990000002
30.12.2013,00:00:00,0.81496,0.83163,0.81173,0.82645,233405.6918
06.01.2014,00:00:00,0.82645,0.83177,0.82048,0.83019,451965.4729
13.01.2014,00:00:00,0.83020,0.84311,0.82455,0.82528,335142.9416
20.01.2014,00:00:00,0.82528,0.83457,0.82098,0.82313,282949.936
27.01.2014,00:00:00,0.82314,0.83035,0.80619,0.81008,302251.73949999997
03.02.2014,00:00:00,0.81008,0.82963,0.80512,0.82794,288685.5148
10.02.2014,00:00:00,0.82794,0.83847,0.82566,0.83770,221199.3601
17.02.2014,00:00:00,0.83761,0.83921,0.82425,0.82774,264082.1721
24.02.2014,00:00:00,0.82774,0.84249,0.82604,0.83599,251989.2921
03.03.2014,00:00:00,0.83599,0.85227,0.83425,0.84713,310904.2974
10.03.2014,00:00:00,0.84713,0.86052,0.84356,0.85349,266580.08499999996
17.03.2014,00:00:00,0.85349,0.86400,0.85013,0.85399,319060.27930000005
24.03.2014,00:00:00,0.85397,0.86966,0.85150,0.86705,348436.796
31.03.2014,01:00:00,0.86705,0.87012,0.85139,0.86107,249875.58250000002
07.04.2014,01:00:00,0.86109,0.87452,0.85790,0.86832,295051.477
14.04.2014,01:00:00,0.86832,0.86941,0.85618,0.85891,274288.5891
21.04.2014,01:00:00,0.85891,0.86365,0.85459,0.85800,226664.0066
28.04.2014,01:00:00,0.85799,0.86703,0.85166,0.86582,254196.8188
05.05.2014,01:00:00,0.86582,0.87789,0.86039,0.86233,280949.99110000004
12.05.2014,01:00:00,0.86233,0.86949,0.86080,0.86372,248177.713
19.05.2014,01:00:00,0.86371,0.86547,0.85307,0.85400,264832.5372
26.05.2014,01:00:00,0.85399,0.85789,0.84516,0.84888,287815.8897
02.06.2014,01:00:00,0.84888,0.85538,0.84020,0.85010,326652.72860000003
09.06.2014,01:00:00,0.85010,0.86995,0.84803,0.86621,314578.05369999993
16.06.2014,01:00:00,0.86621,0.87356,0.86417,0.87033,290535.3009
23.06.2014,01:00:00,0.87033,0.87931,0.86619,0.87723,264385.6226
30.06.2014,01:00:00,0.87723,0.87907,0.87172,0.87326,285400.1221
07.07.2014,01:00:00,0.87327,0.88352,0.87136,0.88102,285240.4903
14.07.2014,01:00:00,0.88102,0.88224,0.86500,0.87046,316237.91610000003
21.07.2014,01:00:00,0.87046,0.87190,0.85386,0.85518,286181.00889999996
28.07.2014,01:00:00,0.85518,0.85608,0.84615,0.85087,370199.7055
04.08.2014,01:00:00,0.85087,0.85307,0.84229,0.84628,316642.0428
11.08.2014,01:00:00,0.84629,0.85143,0.84084,0.84789,243869.65869999997
18.08.2014,01:00:00,0.84789,0.85006,0.83348,0.83544,275683.5812
25.08.2014,01:00:00,0.83541,0.84075,0.83106,0.83523,288164.75930000003
01.09.2014,01:00:00,0.83525,0.83905,0.82696,0.83142,323303.36870000005
08.09.2014,01:00:00,0.83142,0.83287,0.81387,0.81472,464023.1549
15.09.2014,01:00:00,0.81471,0.82295,0.80770,0.81438,451566.88340000005
22.09.2014,01:00:00,0.81437,0.81698,0.78566,0.78616,413853.5405
29.09.2014,01:00:00,0.78616,0.79288,0.77073,0.77273,497394.8907
06.10.2014,01:00:00,0.77273,0.79741,0.77273,0.78295,506216.7784
13.10.2014,01:00:00,0.78296,0.79967,0.78056,0.79264,503739.6103
20.10.2014,01:00:00,0.79264,0.80342,0.77942,0.78505,392873.7847
27.10.2014,00:00:00,0.78505,0.79769,0.77653,0.77755,387298.4094
03.11.2014,00:00:00,0.77757,0.78413,0.76601,0.77618,562074.5826
10.11.2014,00:00:00,0.77618,0.79557,0.77125,0.79310,588769.7178
17.11.2014,00:00:00,0.79310,0.79749,0.78064,0.78888,614675.9111
24.11.2014,00:00:00,0.78887,0.79262,0.77656,0.77920,585626.8789
01.12.2014,00:00:00,0.77919,0.79105,0.76755,0.76766,607953.9649
08.12.2014,00:00:00,0.76765,0.78701,0.76084,0.77544,550030.3844
15.12.2014,00:00:00,0.77546,0.78483,0.76810,0.77451,448074.53500000003
22.12.2014,00:00:00,0.77451,0.77701,0.76937,0.77464,185148.3608
29.12.2014,00:00:00,0.77466,0.78478,0.76517,0.76623,197911.2985
05.01.2015,00:00:00,0.76623,0.78642,0.76189,0.78446,352424.47540000005
12.01.2015,00:00:00,0.78447,0.78899,0.76896,0.77912,441430.6769999999
19.01.2015,00:00:00,0.77913,0.78076,0.74056,0.74164,408346.8189000001
26.01.2015,00:00:00,0.74164,0.74942,0.72149,0.72627,405840.5811
02.02.2015,00:00:00,0.72627,0.74488,0.71761,0.73509,424378.986
09.02.2015,00:00:00,0.73509,0.74855,0.73134,0.74766,354128.5219
16.02.2015,00:00:00,0.74766,0.75735,0.74760,0.75266,347113.5137
23.02.2015,00:00:00,0.75266,0.76131,0.74213,0.75458,381751.0786
02.03.2015,00:00:00,0.75458,0.76101,0.73525,0.73623,333367.4605
09.03.2015,00:00:00,0.73623,0.74434,0.71891,0.73171,502597.22799999994
16.03.2015,00:00:00,0.73171,0.75974,0.72749,0.75677,475203.8857
23.03.2015,00:00:00,0.75676,0.76961,0.75427,0.75465,573697.7676
30.03.2015,01:00:00,0.75465,0.76295,0.73909,0.76124,434725.9376
06.04.2015,01:00:00,0.76124,0.76218,0.74862,0.75307,402383.15
13.04.2015,01:00:00,0.75303,0.77402,0.74215,0.77028,481208.89459999994
20.04.2015,01:00:00,0.77028,0.77370,0.75362,0.76045,497855.5787
27.04.2015,01:00:00,0.76045,0.77438,0.75061,0.75241,535097.4688
04.05.2015,01:00:00,0.75241,0.75768,0.74120,0.74222,523538.4844
11.05.2015,01:00:00,0.74222,0.75635,0.73176,0.74524,525041.1548
18.05.2015,01:00:00,0.74524,0.74533,0.72814,0.72998,480977.9296
25.05.2015,01:00:00,0.73000,0.73217,0.70766,0.70901,448260.5279
01.06.2015,01:00:00,0.70900,0.72004,0.70243,0.70422,510397.3927
08.06.2015,01:00:00,0.70420,0.72320,0.69430,0.69879,477562.9591
15.06.2015,01:00:00,0.69878,0.70113,0.68796,0.68962,389399.4806
22.06.2015,01:00:00,0.68962,0.69297,0.67862,0.68204,375544.98040000006
29.06.2015,01:00:00,0.68206,0.68816,0.66460,0.66847,418365.36130000005
06.07.2015,01:00:00,0.66837,0.67703,0.66203,0.67097,420953.75690000004
13.07.2015,01:00:00,0.67096,0.67530,0.64976,0.65144,398749.90309999994
20.07.2015,01:00:00,0.65143,0.66943,0.65045,0.65780,436715.646
27.07.2015,01:00:00,0.65774,0.67374,0.65347,0.65796,424616.09310000006
03.08.2015,01:00:00,0.65797,0.66366,0.64901,0.66045,436362.8971
10.08.2015,01:00:00,0.66045,0.66495,0.64671,0.65393,444535.6253
17.08.2015,01:00:00,0.65393,0.67078,0.65277,0.66258,405690.28320000006
24.08.2015,01:00:00,0.66256,0.66281,0.60685,0.64586,462579.40630000003
31.08.2015,01:00:00,0.64585,0.64668,0.62693,0.62898,372777.7442000001
07.09.2015,01:00:00,0.62897,0.64247,0.62434,0.63208,359940.7701
14.09.2015,01:00:00,0.63208,0.64565,0.62928,0.63808,352586.40679999994
21.09.2015,01:00:00,0.63808,0.63923,0.62360,0.63728,330287.08790000004
28.09.2015,01:00:00,0.63728,0.64581,0.62885,0.64496,378233.49950000003
05.10.2015,01:00:00,0.64493,0.67211,0.64434,0.66783,413807.0333
12.10.2015,01:00:00,0.66783,0.68973,0.66181,0.67942,453720.7241
19.10.2015,01:00:00,0.67941,0.68648,0.66980,0.67475,382365.94180000003
26.10.2015,00:00:00,0.67474,0.68129,0.66210,0.67686,435763.1866
02.11.2015,00:00:00,0.67684,0.67852,0.64986,0.65336,440618.9937
09.11.2015,00:00:00,0.65334,0.65881,0.64998,0.65332,332331.7129
16.11.2015,00:00:00,0.65331,0.66054,0.64278,0.65401,379337.108
23.11.2015,00:00:00,0.65396,0.65964,0.64927,0.65229,335466.39619999996
30.11.2015,00:00:00,0.65235,0.67875,0.65140,0.67286,469859.0938
07.12.2015,00:00:00,0.67286,0.67816,0.65684,0.67146,429393.6696
14.12.2015,00:00:00,0.67146,0.68346,0.66810,0.67317,421536.5879
21.12.2015,00:00:00,0.67314,0.68432,0.67205,0.68387,196335.7251
28.12.2015,00:00:00,0.68386,0.68828,0.68216,0.68273,172193.8997
04.01.2016,00:00:00,0.68273,0.68317,0.65104,0.65151,390430.25909999997
11.01.2016,00:00:00,0.65151,0.65899,0.63808,0.64407,480857.1678
18.01.2016,00:00:00,0.64407,0.65584,0.63470,0.64687,528538.9346
25.01.2016,00:00:00,0.64686,0.65429,0.64163,0.64702,484450.49029999995
01.02.2016,00:00:00,0.64700,0.67524,0.64486,0.66266,498926.04110000003
08.02.2016,00:00:00,0.66263,0.67379,0.65628,0.66369,585510.7402
15.02.2016,00:00:00,0.66364,0.66758,0.65446,0.66234,540819.8047
22.02.2016,00:00:00,0.66234,0.67744,0.65820,0.65889,472657.4863
29.02.2016,00:00:00,0.65890,0.68193,0.65650,0.67846,547788.0314
07.03.2016,00:00:00,0.67843,0.68150,0.66183,0.67384,556373.165
14.03.2016,00:00:00,0.67386,0.68735,0.65749,0.67701,609061.873
21.03.2016,00:00:00,0.67700,0.67913,0.66709,0.66758,463255.40890000004
28.03.2016,01:00:00,0.66759,0.69658,0.66674,0.68951,547109.3775
04.04.2016,01:00:00,0.68952,0.69034,0.67587,0.68148,499166.1359
11.04.2016,01:00:00,0.68150,0.69520,0.67906,0.68899,459149.4091
18.04.2016,01:00:00,0.68897,0.70540,0.68345,0.68648,462639.6671
25.04.2016,01:00:00,0.68644,0.70024,0.68065,0.70015,462210.63730000006
02.05.2016,01:00:00,0.70015,0.70532,0.68070,0.68400,426398.9713
09.05.2016,01:00:00,0.68400,0.68476,0.67159,0.67635,402805.27379999997
16.05.2016,01:00:00,0.67633,0.68424,0.67103,0.67649,373178.3720000001
23.05.2016,01:00:00,0.67649,0.68063,0.66869,0.66929,400856.06700000004
30.05.2016,01:00:00,0.66928,0.69600,0.66752,0.69337,386638.0895
06.06.2016,01:00:00,0.69337,0.71472,0.68925,0.70475,399527.00059999997
13.06.2016,01:00:00,0.70475,0.70928,0.69631,0.70827,340943.51379999996
20.06.2016,01:00:00,0.70827,0.72971,0.69707,0.70878,371660.3262
27.06.2016,01:00:00,0.70875,0.71975,0.69801,0.71696,354114.9044
04.07.2016,01:00:00,0.71696,0.73063,0.70796,0.72950,332303.04990000004
11.07.2016,01:00:00,0.72944,0.73243,0.70682,0.70729,358343.2563
18.07.2016,01:00:00,0.70728,0.71247,0.69514,0.70046,496028.5234
25.07.2016,01:00:00,0.70046,0.72289,0.69564,0.71896,787120.8125
01.08.2016,01:00:00,0.71896,0.72562,0.71128,0.71182,927658.0899999999
08.08.2016,01:00:00,0.71182,0.73391,0.70869,0.71906,817304.1055
15.08.2016,01:00:00,0.71905,0.73214,0.71645,0.72480,861693.5352
22.08.2016,01:00:00,0.72480,0.73800,0.72090,0.72220,895217.3574
29.08.2016,01:00:00,0.72220,0.73596,0.72040,0.72913,1011224.9590999999
05.09.2016,01:00:00,0.72911,0.74853,0.72911,0.73324,1019860.3068000001
12.09.2016,01:00:00,0.73324,0.73638,0.72347,0.72723,1193824.3322
19.09.2016,01:00:00,0.72723,0.73687,0.72212,0.72320,963503.8585000001
26.09.2016,01:00:00,0.72320,0.73300,0.72223,0.72620,1030110.8477
03.10.2016,01:00:00,0.72620,0.73107,0.71093,0.71722,1015529.8223
10.10.2016,01:00:00,0.71722,0.71737,0.70343,0.70871,956934.8789
17.10.2016,01:00:00,0.70871,0.72654,0.70843,0.71550,760279.5007000001
24.10.2016,01:00:00,0.71549,0.71835,0.71079,0.71619,329768.7385
31.10.2016,00:00:00,0.71620,0.73460,0.71372,0.73194,373536.17339999997
07.11.2016,00:00:00,0.73195,0.74030,0.70996,0.71121,575043.4131
14.11.2016,00:00:00,0.71119,0.71442,0.69837,0.69964,481730.6871
21.11.2016,00:00:00,0.69964,0.70854,0.69716,0.70462,405881.4868000001
28.11.2016,00:00:00,0.70457,0.71695,0.70431,0.70885,483999.3292
05.12.2016,00:00:00,0.70886,0.72222,0.70691,0.71243,414753.6939
12.12.2016,00:00:00,0.71243,0.72386,0.69310,0.69598,634323.3233
19.12.2016,00:00:00,0.69598,0.69886,0.68608,0.68790,460746.00549999997
26.12.2016,00:00:00,0.68790,0.69786,0.68721,0.69203,390317.461
02.01.2017,00:00:00,0.69213,0.70429,0.68848,0.69668,564659.4
09.01.2017,00:00:00,0.69667,0.71480,0.69487,0.71271,683339.7854
16.01.2017,00:00:00,0.71272,0.72247,0.70759,0.71875,633241.7307
23.01.2017,00:00:00,0.71876,0.73119,0.71769,0.72722,562251.4707000001
30.01.2017,00:00:00,0.72722,0.73497,0.72361,0.73127,556704.2526
06.02.2017,00:00:00,0.73127,0.73757,0.71729,0.71900,479336.7573
13.02.2017,00:00:00,0.71900,0.72425,0.71341,0.71799,446252.5679
20.02.2017,00:00:00,0.71797,0.72464,0.71297,0.71887,377999.4644
27.02.2017,00:00:00,0.71884,0.72370,0.70020,0.70369,486799.3721
06.03.2017,00:00:00,0.70371,0.70453,0.68900,0.69219,421672.3976
13.03.2017,00:00:00,0.69219,0.70485,0.68936,0.70263,415660.8246
20.03.2017,00:00:00,0.70263,0.70897,0.69945,0.70438,413289.60589999997
27.03.2017,01:00:00,0.70439,0.70677,0.69759,0.70026,321381.46489999996
03.04.2017,01:00:00,0.70026,0.70219,0.69299,0.69400,394892.6583
10.04.2017,01:00:00,0.69398,0.70161,0.69091,0.70127,347547.25690000004
17.04.2017,01:00:00,0.70125,0.70525,0.69831,0.70410,367986.3589
24.04.2017,01:00:00,0.70409,0.70472,0.68477,0.68730,357828.1589
01.05.2017,01:00:00,0.68730,0.69684,0.68392,0.68997,340777.22119999997
08.05.2017,01:00:00,0.68995,0.69508,0.68176,0.68650,376242.03620000003
15.05.2017,01:00:00,0.68649,0.69495,0.68625,0.69322,370734.7105
22.05.2017,01:00:00,0.69320,0.70767,0.69201,0.70499,332011.6597999999
29.05.2017,01:00:00,0.70497,0.71463,0.70349,0.71356,272573.74079999997
05.06.2017,01:00:00,0.71350,0.72226,0.71137,0.72067,275174.4143
12.06.2017,01:00:00,0.72069,0.73189,0.71704,0.72628,316058.6526
19.06.2017,01:00:00,0.72628,0.72982,0.71963,0.72836,244604.211
26.06.2017,01:00:00,0.72835,0.73460,0.72535,0.73329,329106.0567
03.07.2017,01:00:00,0.73329,0.73385,0.72440,0.72775,325824.1973
10.07.2017,01:00:00,0.72775,0.73685,0.72015,0.73559,296929.6103
17.07.2017,01:00:00,0.73559,0.74585,0.72628,0.74527,406656.26519999997
24.07.2017,01:00:00,0.74526,0.75581,0.74011,0.75165,449861.62309999997
31.07.2017,01:00:00,0.75164,0.75246,0.73907,0.74050,381405.0137
07.08.2017,01:00:00,0.74048,0.74161,0.72516,0.73144,385526.8427
14.08.2017,01:00:00,0.73138,0.73350,0.72232,0.73091,474541.29970000003
21.08.2017,01:00:00,0.73091,0.73371,0.71914,0.72518,470600.37400000007
28.08.2017,01:00:00,0.72518,0.72984,0.71309,0.71652,549768.0558
04.09.2017,01:00:00,0.71652,0.73373,0.71561,0.72361,563447.3365
11.09.2017,01:00:00,0.72361,0.73206,0.71832,0.72883,540154.6591
18.09.2017,01:00:00,0.72885,0.74337,0.72478,0.72893,561509.0646
25.09.2017,01:00:00,0.72891,0.72950,0.71665,0.72174,560004.5777
02.10.2017,01:00:00,0.72175,0.72179,0.70578,0.70695,504956.2642
09.10.2017,01:00:00,0.70694,0.71964,0.70557,0.71759,489124.26930000004
16.10.2017,01:00:00,0.71759,0.72051,0.69379,0.69392,527241.194
23.10.2017,01:00:00,0.69398,0.70040,0.68181,0.68607,503309.48059999995
30.10.2017,00:00:00,0.68608,0.69501,0.68277,0.69074,462874.58640000003
06.11.2017,00:00:00,0.69074,0.69798,0.68746,0.69241,441058.6748
13.11.2017,00:00:00,0.69242,0.69373,0.67802,0.67997,397939.57670000003
20.11.2017,00:00:00,0.67998,0.69052,0.67890,0.68715,344407.74370000005
27.11.2017,00:00:00,0.68715,0.69448,0.68166,0.68529,473936.7207
04.12.2017,00:00:00,0.68528,0.69167,0.68223,0.68410,439474.48250000004
11.12.2017,00:00:00,0.68409,0.70336,0.68399,0.69969,477275.15390000003
18.12.2017,00:00:00,0.69969,0.70278,0.69536,0.70007,412592.7738
25.12.2017,00:00:00,0.70009,0.71235,0.70006,0.70877,233512.5602
01.01.2018,00:00:00,0.70877,0.71864,0.70556,0.71706,339763.85030000005
08.01.2018,00:00:00,0.71706,0.72759,0.71396,0.72472,489659.6709000001
15.01.2018,00:00:00,0.72472,0.73310,0.72346,0.72865,542644.9407999997
22.01.2018,00:00:00,0.72865,0.74358,0.72673,0.73629,642976.6700999999
29.01.2018,00:00:00,0.73628,0.74197,0.72775,0.72806,700728.5312
05.02.2018,00:00:00,0.72807,0.73509,0.71766,0.72460,791650.5911999994
12.02.2018,00:00:00,0.72459,0.74369,0.72317,0.73883,627028.5625
19.02.2018,00:00:00,0.73881,0.74091,0.72705,0.72808,577166.7079
26.02.2018,00:00:00,0.72808,0.73448,0.71856,0.72308,646552.1505999989
05.03.2018,00:00:00,0.72308,0.73105,0.72025,0.73070,660988.6999999966
12.03.2018,00:00:00,0.73070,0.73546,0.72077,0.72275,615905.3599999978