02.01.2006,00:00:00,8.790,9.210,8.660,9.080,14434000000
09.01.2006,00:00:00,9.080,9.240,8.730,9.080,12629000000
16.01.2006,00:00:00,9.080,9.300,8.690,8.850,13883000000
23.01.2006,00:00:00,8.850,9.800,8.790,9.580,16424000000
30.01.2006,00:00:00,9.580,9.950,9.550,9.730,18053000000
06.02.2006,00:00:00,9.730,9.890,9.190,9.330,17593000000
13.02.2006,00:00:00,9.330,9.500,9.010,9.400,14272000000
20.02.2006,00:00:00,9.400,9.750,9.390,9.690,10057000000
27.02.2006,00:00:00,9.690,10.340,9.570,10.160,11478000000
06.03.2006,00:00:00,10.160,10.280,9.610,9.920,12887000000
13.03.2006,00:00:00,9.920,10.470,9.860,10.380,10536000000
20.03.2006,00:00:00,10.380,10.780,10.100,10.720,11348000000
27.03.2006,01:00:00,10.720,11.940,10.720,11.540,16038000000
03.04.2006,01:00:00,11.540,12.230,11.510,12.210,18007000000
10.04.2006,01:00:00,12.210,13.040,12.170,12.890,15607000000
17.04.2006,01:00:00,12.890,14.720,11.590,13.030,18796000000
24.04.2006,01:00:00,13.030,13.940,11.700,13.750,16394000000
01.05.2006,01:00:00,13.750,14.510,13.210,14.010,12504000000
08.05.2006,01:00:00,14.010,15.200,13.410,14.360,16534000000
15.05.2006,01:00:00,14.360,14.480,12.080,12.390,20218000000
22.05.2006,01:00:00,12.390,13.200,11.870,12.670,13516000000
29.05.2006,01:00:00,12.670,13.370,11.510,12.210,14623000000
05.06.2006,01:00:00,12.210,12.390,10.970,11.140,19242000000
12.06.2006,01:00:00,11.140,11.290,9.370,10.090,16982000000
19.06.2006,01:00:00,10.090,10.670,9.750,10.360,14439000000
26.06.2006,01:00:00,10.360,11.110,10.000,11.050,12188000000
03.07.2006,01:00:00,11.050,11.640,10.930,11.310,9262000000
10.07.2006,01:00:00,11.310,11.800,10.870,11.580,15824000000
17.07.2006,01:00:00,11.580,11.740,10.400,10.740,12935000000
24.07.2006,01:00:00,10.740,11.520,10.610,11.380,14237000000
31.07.2006,01:00:00,11.380,12.610,11.170,12.360,15713000000
07.08.2006,01:00:00,12.360,12.660,11.690,11.770,13590000000
14.08.2006,01:00:00,11.770,12.420,11.690,12.040,18472000000
21.08.2006,01:00:00,12.040,12.650,11.970,12.370,16195000000
28.08.2006,01:00:00,12.370,12.950,11.800,12.920,16128000000
04.09.2006,01:00:00,12.920,13.240,11.920,12.030,22200000000
11.09.2006,01:00:00,12.030,12.040,10.410,10.810,66177000000
18.09.2006,01:00:00,10.810,11.390,10.650,11.070,51215000000
25.09.2006,01:00:00,11.070,11.770,10.990,11.480,47974000000
02.10.2006,01:00:00,11.480,11.730,10.530,11.170,48609000000
09.10.2006,01:00:00,11.170,11.670,11.030,11.630,41334000000
16.10.2006,01:00:00,11.630,12.100,11.520,11.750,38125000000
23.10.2006,01:00:00,11.750,12.220,11.260,12.060,43337000000
30.10.2006,00:00:00,12.060,12.660,11.910,12.560,37072000000
06.11.2006,00:00:00,12.560,13.190,12.370,13.010,47554000000
13.11.2006,00:00:00,13.010,13.160,12.470,12.780,48245000000
20.11.2006,00:00:00,12.780,13.530,12.680,13.470,30426000000
27.11.2006,00:00:00,13.470,14.070,13.360,13.980,39990000000
04.12.2006,00:00:00,13.980,14.200,13.400,13.680,61252000000
11.12.2006,00:00:00,13.680,13.930,12.750,12.880,45766000000
18.12.2006,00:00:00,12.880,13.000,12.260,12.590,54726000000
25.12.2006,00:00:00,12.590,12.930,12.530,12.870,19080000000
01.01.2007,00:00:00,12.689,13.196,11.804,12.149,4060149913.7879004
08.01.2007,00:00:00,12.005,12.915,11.713,12.628,5899600097.6563
15.01.2007,00:00:00,12.694,12.935,12.170,12.777,2078050005.9127998
22.01.2007,00:00:00,12.795,13.537,12.452,13.204,4770050071.7163
29.01.2007,00:00:00,13.361,13.775,12.896,13.276,2486349999.9046
05.02.2007,00:00:00,13.255,13.946,13.103,13.811,2312999963.7604995
12.02.2007,00:00:00,13.789,14.077,13.243,13.836,5078100011.8256
19.02.2007,00:00:00,13.848,14.631,13.500,14.471,2521300018.3105
26.02.2007,00:00:00,14.537,14.754,12.578,12.755,2861399974.8229995
05.03.2007,00:00:00,12.802,13.155,12.119,12.806,7203199996.9482
12.03.2007,00:00:00,12.813,13.179,12.248,13.015,4606650035.858199
19.03.2007,00:00:00,12.903,13.517,12.784,13.034,4306899988.1745
26.03.2007,01:00:00,13.087,13.474,12.953,13.257,2122549993.9919
02.04.2007,01:00:00,13.337,13.797,12.827,13.634,1645849972.7250001
09.04.2007,01:00:00,13.614,14.107,13.444,13.974,2142950000.0477
16.04.2007,01:00:00,13.940,14.126,13.390,13.837,2136099999.9046
23.04.2007,01:00:00,13.846,14.092,13.029,13.297,2342550018.3105
30.04.2007,01:00:00,13.351,13.565,12.841,13.356,2177950006.4849997
07.05.2007,01:00:00,13.321,13.603,12.754,13.147,2206850000.3815
14.05.2007,01:00:00,13.138,13.291,12.488,12.921,2214300012.1116
21.05.2007,01:00:00,12.901,13.156,12.603,12.864,2164950012.2071
28.05.2007,01:00:00,12.911,13.725,12.693,13.617,1910199999.8093
04.06.2007,01:00:00,13.619,13.822,12.754,12.938,2163850006.1035
11.06.2007,01:00:00,12.974,13.280,12.651,13.196,2109350006.1035004
18.06.2007,01:00:00,13.217,13.391,12.783,12.922,2030750048.6373
25.06.2007,01:00:00,12.971,13.072,11.963,12.381,2200850011.8255
02.07.2007,01:00:00,12.398,12.783,12.173,12.613,1930549982.0709999
09.07.2007,01:00:00,12.634,13.176,12.499,12.949,2112500030.5176
16.07.2007,01:00:00,12.965,13.416,12.671,13.265,2085649974.823
23.07.2007,01:00:00,13.267,13.476,12.405,12.663,2201799980.1636
30.07.2007,01:00:00,12.645,13.169,12.468,13.034,2141599998.4741
06.08.2007,01:00:00,13.029,13.187,12.410,12.737,2086549993.5149999
13.08.2007,01:00:00,12.776,12.907,10.929,11.582,2221099994.6593995
20.08.2007,01:00:00,11.579,11.991,11.308,11.887,2184149986.2671003
27.08.2007,01:00:00,11.906,12.113,11.476,11.970,1976900030.136
03.09.2007,01:00:00,12.049,12.621,11.841,12.421,2077700012.2069001
10.09.2007,01:00:00,12.410,12.793,12.198,12.498,2099350011.8255
17.09.2007,01:00:00,12.509,13.685,12.377,13.415,2198149993.8965
24.09.2007,01:00:00,13.452,13.847,13.046,13.751,2175000022.8882003
01.10.2007,01:00:00,13.732,13.873,12.917,13.311,2244350000.3815
08.10.2007,01:00:00,13.399,13.922,12.968,13.729,2335950004.5776
15.10.2007,01:00:00,13.762,14.037,13.162,13.521,2575450000.763
22.10.2007,01:00:00,13.503,14.312,13.071,14.258,2301699974.0601
29.10.2007,00:00:00,14.238,14.774,13.777,14.700,2585999958.0382
05.11.2007,00:00:00,14.686,16.200,14.246,15.349,2655650032.0435
12.11.2007,00:00:00,15.346,15.395,14.171,14.508,2573150077.8198004
19.11.2007,00:00:00,14.489,14.869,13.917,14.744,2276049957.2755
26.11.2007,00:00:00,14.807,15.005,13.633,13.923,2439500005.722
03.12.2007,00:00:00,13.956,14.519,13.621,14.296,2198000019.0734
10.12.2007,00:00:00,14.299,14.796,13.579,13.866,2211800018.3105
17.12.2007,00:00:00,13.809,14.456,13.418,14.329,2007599987.0301
24.12.2007,00:00:00,14.329,14.860,14.121,14.644,1718199991.2263
31.12.2007,00:00:00,14.771,15.443,14.517,15.179,1912749980.9265
07.01.2008,00:00:00,15.189,16.276,14.945,16.128,2516300029.7546
14.01.2008,00:00:00,16.132,16.571,15.489,16.090,2451899982.4523997
21.01.2008,00:00:00,16.052,16.617,15.039,16.457,2545399988.1744
28.01.2008,00:00:00,16.473,17.289,16.156,16.706,2362500030.5176
04.02.2008,00:00:00,16.741,17.210,16.026,17.125,2286849987.03
11.02.2008,00:00:00,17.129,17.593,16.693,17.039,2275150024.414
18.02.2008,00:00:00,17.008,18.103,16.748,18.013,2159749994.278
25.02.2008,00:00:00,18.009,19.939,17.728,19.621,2452349945.0683
03.03.2008,00:00:00,19.621,21.239,19.211,20.209,2755800048.8282
10.03.2008,00:00:00,20.221,20.996,19.069,20.924,2661200004.5777
17.03.2008,00:00:00,20.893,21.304,16.522,16.973,2293400047.3023005
24.03.2008,00:00:00,16.864,18.596,16.644,17.642,2707699981.6893
31.03.2008,01:00:00,17.714,18.146,16.168,17.761,2806199993.1335
07.04.2008,01:00:00,17.874,18.448,17.219,17.369,2655849964.1417994
14.04.2008,01:00:00,17.380,18.742,17.086,17.786,2737050010.6812
21.04.2008,01:00:00,17.855,17.956,16.235,16.839,2768149993.8964
28.04.2008,01:00:00,16.814,17.119,15.835,16.352,2717950031.2804
05.05.2008,01:00:00,16.362,17.063,16.293,16.837,2303400012.9699
12.05.2008,01:00:00,16.828,17.294,16.319,16.964,2765550025.9398994
19.05.2008,01:00:00,16.965,18.297,16.655,18.142,2383650005.3406
26.05.2008,01:00:00,18.193,18.334,16.250,16.788,2527449989.3189
02.06.2008,01:00:00,16.774,17.604,16.294,17.510,2790800006.8664
09.06.2008,01:00:00,17.549,17.616,16.094,16.497,2784499988.5558
16.06.2008,01:00:00,16.491,17.681,16.224,17.393,2662649944.3055
23.06.2008,01:00:00,17.359,17.659,16.361,17.502,2639350013.7328997
30.06.2008,01:00:00,17.490,18.447,17.055,17.967,2529200004.5775003
07.07.2008,01:00:00,17.980,18.897,17.310,18.706,3096550025.9399996
14.07.2008,01:00:00,18.699,19.437,17.888,18.070,2905199989.3188
21.07.2008,01:00:00,18.150,18.684,16.897,17.304,2900199989.3187995
28.07.2008,01:00:00,17.362,17.886,16.659,17.432,2788999977.1117997
04.08.2008,01:00:00,17.435,17.656,15.071,15.299,3239200035.0952
11.08.2008,01:00:00,15.261,15.457,12.188,12.895,3402899978.6376996
18.08.2008,01:00:00,12.961,13.965,12.309,13.216,3332599998.4741
25.08.2008,01:00:00,13.311,13.992,12.845,13.612,3056049987.7929
01.09.2008,01:00:00,13.719,13.784,11.958,12.446,3370499954.2235994
08.09.2008,01:00:00,12.431,12.748,10.125,10.934,3504700035.0953
15.09.2008,01:00:00,11.021,12.935,10.192,12.609,3608450027.4659996
22.09.2008,01:00:00,12.632,13.736,12.270,13.135,3405850074.7679996
29.09.2008,01:00:00,13.041,13.317,10.584,11.185,3811800025.9398994
06.10.2008,01:00:00,11.144,12.338,9.252,10.189,5044999893.1886
13.10.2008,01:00:00,10.072,11.122,8.959,9.371,3234750000
20.10.2008,01:00:00,9.383,10.200,8.541,9.386,3521649887.085
27.10.2008,00:00:00,9.417,10.575,8.316,9.718,3214099964.1418
03.11.2008,00:00:00,9.745,10.767,9.527,10.058,3229249961.8529997
10.11.2008,00:00:00,10.112,10.515,8.625,9.358,2982200000.7627997
17.11.2008,00:00:00,9.422,9.839,8.662,9.614,2906700000.7629
24.11.2008,00:00:00,9.652,10.664,9.273,10.215,2489599922.1800995
01.12.2008,00:00:00,10.145,10.336,8.984,9.390,2770349914.5506997
08.12.2008,00:00:00,9.439,10.527,9.335,10.306,2708549987.7928996
15.12.2008,00:00:00,10.296,11.559,10.095,10.721,2729099987.9836
22.12.2008,00:00:00,10.715,11.080,9.994,10.615,2128150005.3404999
29.12.2008,00:00:00,10.655,11.736,10.520,11.631,2289150051.1169
05.01.2009,00:00:00,11.658,11.707,10.419,11.179,2864949989.3189
12.01.2009,00:00:00,11.193,11.323,10.174,11.225,2764899986.267
19.01.2009,00:00:00,11.244,12.088,10.759,11.910,2806250022.8882003
26.01.2009,00:00:00,11.779,12.679,11.496,12.561,2880250022.8882
02.02.2009,00:00:00,12.564,13.189,12.031,12.915,2947400012.9701
09.02.2009,00:00:00,13.048,13.737,12.590,13.604,2843100025.1769996
16.02.2009,00:00:00,13.581,14.602,13.319,14.408,3105299949.646
23.02.2009,00:00:00,14.418,14.635,12.732,13.037,3054100025.1770005
02.03.2009,00:00:00,13.146,13.522,12.284,13.276,3117949974.0600004
09.03.2009,00:00:00,13.258,13.413,12.313,12.952,2921849937.4389
16.03.2009,00:00:00,12.931,13.832,11.789,13.722,3133299964.9048004
23.03.2009,00:00:00,13.718,13.919,12.880,13.212,2921100013.7330003
30.03.2009,01:00:00,13.274,13.376,12.440,12.644,2785750011.4442
06.04.2009,01:00:00,12.631,12.669,11.890,12.391,2285950050.3541
13.04.2009,01:00:00,12.391,12.930,11.634,11.858,2902050037.3841
20.04.2009,01:00:00,11.784,13.223,11.639,13.134,3164300064.087
27.04.2009,01:00:00,13.149,13.201,11.900,12.458,2790750000
04.05.2009,01:00:00,12.418,14.128,12.263,13.914,2998249977.1118
11.05.2009,01:00:00,13.894,14.373,13.552,13.907,2750250011.4441004
18.05.2009,01:00:00,13.863,14.821,13.495,14.694,3112799999.2371
25.05.2009,01:00:00,14.707,15.793,14.139,15.635,2816749900.8177
01.06.2009,01:00:00,15.639,16.224,14.925,15.295,3539700027.4659004
08.06.2009,01:00:00,15.295,15.542,14.449,14.636,3284249961.8531003
15.06.2009,01:00:00,14.651,14.769,13.798,14.063,3236499999.9999
22.06.2009,01:00:00,14.062,14.358,13.420,13.846,3019750038.1470003
29.06.2009,01:00:00,13.943,14.142,13.142,13.281,2670400047.3022003
06.07.2009,01:00:00,13.345,13.426,12.346,12.691,3121049999.2371
13.07.2009,01:00:00,12.675,13.470,12.299,13.392,2698699989.3189
20.07.2009,01:00:00,13.408,13.946,13.199,13.806,3089099975.5859003
27.07.2009,01:00:00,13.784,14.108,13.015,13.985,3170850013.7329
03.08.2009,01:00:00,14.035,15.011,13.848,14.478,3411650024.4139996
10.08.2009,01:00:00,14.472,15.233,13.968,14.657,3410300003.0519
17.08.2009,01:00:00,14.560,14.681,13.353,14.201,3396650012.9698997
24.08.2009,01:00:00,14.126,14.884,13.888,14.814,3922949989.3189
31.08.2009,01:00:00,14.753,16.303,14.363,16.171,4126500015.2588997
07.09.2009,01:00:00,16.133,16.936,15.900,16.739,3426549972.5341
14.09.2009,01:00:00,16.784,17.667,16.152,16.751,3091299987.793
21.09.2009,01:00:00,16.758,17.300,15.804,16.044,3412300003.0519
28.09.2009,01:00:00,16.011,16.785,15.571,16.141,3784449989.3188
05.10.2009,01:00:00,16.090,17.943,15.948,17.777,3244649978.6378
12.10.2009,01:00:00,17.808,18.098,17.036,17.408,3581300003.0519
19.10.2009,01:00:00,17.384,17.955,17.105,17.554,3335300033.5693
26.10.2009,00:00:00,17.526,17.772,15.913,16.303,3709699974.0600004
02.11.2009,00:00:00,16.286,17.605,16.085,17.322,3431299999.2371
09.11.2009,00:00:00,17.360,17.789,16.888,17.629,3550749999.9999
16.11.2009,00:00:00,17.579,18.822,17.418,18.601,3594899940.4908
23.11.2009,00:00:00,18.574,18.914,17.538,18.237,3203449962.6159997
30.11.2009,00:00:00,18.195,19.459,17.925,18.361,3778449974.0599995
07.12.2009,00:00:00,18.402,18.464,16.750,17.046,3645749984.7412004
14.12.2009,00:00:00,17.103,17.795,16.892,17.306,3531449989.3188
21.12.2009,00:00:00,17.282,17.566,16.583,17.369,2652199970.245199
28.12.2009,00:00:00,17.429,17.656,16.562,16.778,2754800003.0518
04.01.2010,00:00:00,16.797,18.721,16.658,18.519,3600099998.474
11.01.2010,00:00:00,18.607,18.873,17.994,18.413,3305299987.7929
18.01.2010,00:00:00,18.352,18.888,16.729,16.942,3665449989.3189
25.01.2010,00:00:00,16.989,17.292,15.844,16.184,4060949966.4306
01.02.2010,00:00:00,16.190,16.935,14.502,15.036,4207199989.3188
08.02.2010,00:00:00,15.057,15.747,14.786,15.539,3504149988.1744
15.02.2010,00:00:00,15.545,16.526,15.269,16.394,3506900035.8580995
22.02.2010,00:00:00,16.315,16.625,15.476,16.604,3459449989.3188996
01.03.2010,00:00:00,16.596,17.485,16.156,17.260,3407349937.4389
08.03.2010,00:00:00,17.297,17.620,16.637,17.117,3476149978.6377
15.03.2010,00:00:00,17.113,17.601,16.731,16.909,3143050025.94
22.03.2010,00:00:00,16.798,17.105,16.320,16.972,3120700035.0951004
29.03.2010,01:00:00,16.942,17.990,16.752,17.853,2982699920.6543
05.04.2010,01:00:00,17.862,18.609,17.680,18.511,3507400001.5259
12.04.2010,01:00:00,18.432,18.604,17.447,17.695,3645349952.6979
19.04.2010,01:00:00,17.672,18.396,17.294,18.180,3468800003.0516996
26.04.2010,01:00:00,18.168,18.784,17.669,18.591,3455300048.8281
03.05.2010,01:00:00,18.577,18.877,16.935,18.333,3600399986.2669997
10.05.2010,01:00:00,18.334,19.785,18.029,19.256,3653099937.4389
17.05.2010,01:00:00,19.272,19.432,17.282,17.671,3567799926.7576995
24.05.2010,01:00:00,17.729,18.659,17.370,18.315,3398000000
31.05.2010,01:00:00,18.335,18.676,17.128,17.456,3415700012.2071
07.06.2010,01:00:00,17.339,18.482,17.064,18.288,3608149986.2671003
14.06.2010,01:00:00,18.274,19.304,18.004,19.075,3806800010.6812
21.06.2010,01:00:00,19.066,19.458,18.024,19.092,3497800025.9398994
28.06.2010,01:00:00,19.013,19.259,17.462,17.807,3492049987.7929
05.07.2010,01:00:00,17.807,18.204,17.389,18.011,3549850021.362301
12.07.2010,01:00:00,18.066,18.508,17.582,17.776,3992400024.4140997
19.07.2010,01:00:00,17.694,18.297,17.282,18.121,3908950073.2423005
26.07.2010,01:00:00,18.143,18.261,17.192,17.906,4047450012.2071004
02.08.2010,01:00:00,17.973,18.718,17.870,18.317,3739600051.88
09.08.2010,01:00:00,18.408,18.571,17.652,18.022,3706900009.1553
16.08.2010,01:00:00,18.046,18.619,17.682,17.912,3861349960.3272
23.08.2010,01:00:00,17.926,19.305,17.573,18.990,3742050033.5693
30.08.2010,01:00:00,19.097,19.955,18.649,19.748,3662850013.7328997
06.09.2010,01:00:00,19.759,20.113,19.389,19.781,3710549987.7929
13.09.2010,01:00:00,19.783,21.007,19.671,20.717,3890150009.1552
20.09.2010,01:00:00,20.638,21.477,20.343,21.423,4054850082.397401
27.09.2010,01:00:00,21.439,22.225,20.906,22.103,3925299972.5341005
04.10.2010,01:00:00,22.017,23.608,21.642,23.574,3926400009.1552
11.10.2010,01:00:00,23.606,24.885,22.771,24.025,4677099876.4037
18.10.2010,01:00:00,24.022,24.504,22.656,23.350,4055699989.3188
25.10.2010,01:00:00,23.377,24.985,23.042,24.941,4552150009.1553
01.11.2010,00:00:00,24.836,26.898,23.835,26.777,3988800037.3840003
08.11.2010,00:00:00,26.888,29.272,25.574,25.975,5476300025.9401
15.11.2010,00:00:00,25.979,27.799,24.938,27.667,5156549949.6459
22.11.2010,00:00:00,27.682,27.884,26.427,26.640,2865035995.4835
29.11.2010,00:00:00,26.639,29.595,26.440,29.477,4969155925.7507
06.12.2010,00:00:00,29.495,30.666,27.949,28.440,3699878078.4607
13.12.2010,00:00:00,28.444,29.921,28.323,29.346,3780316032.4098
20.12.2010,00:00:00,29.335,29.550,28.144,28.808,2646485980.9875
27.12.2010,00:00:00,28.796,30.912,28.781,30.775,3183356002.8075004
03.01.2011,00:00:00,30.773,31.210,28.311,28.772,4031197978.9733996
10.01.2011,00:00:00,28.802,29.809,28.077,28.580,3519145996.0937
17.01.2011,00:00:00,28.584,29.461,27.104,27.608,3629253906.2501
24.01.2011,00:00:00,27.616,28.347,26.373,28.309,4526402046.2036
31.01.2011,00:00:00,28.308,29.298,27.513,29.018,5068581960.6781
07.02.2011,00:00:00,29.026,30.508,29.026,29.851,5531328052.5207
14.02.2011,00:00:00,29.852,32.847,29.795,32.721,4957621988.2967005
21.02.2011,00:00:00,32.713,34.286,31.693,33.482,5023762073.517
28.02.2011,00:00:00,33.507,35.953,33.268,35.866,4523855949.4018
07.03.2011,00:00:00,35.860,36.718,34.047,36.288,3505399990.0818996
14.03.2011,00:00:00,36.293,36.426,33.560,35.644,2616982971.1912994
21.03.2011,00:00:00,35.643,38.149,35.593,37.134,2542971984.8632
28.03.2011,01:00:00,37.133,38.004,36.406,37.974,6068055877.6855
04.04.2011,01:00:00,37.973,41.204,37.903,41.174,6570554870.6055
11.04.2011,01:00:00,41.173,43.274,39.703,43.224,50239974853.5156
18.04.2011,01:00:00,43.223,47.754,42.173,47.703,11987876144.4092
25.04.2011,01:00:00,47.704,49.774,42.127,43.653,11773689453.125101
02.05.2011,01:00:00,43.654,47.354,33.053,35.817,66918151062.0117
09.05.2011,01:00:00,35.816,39.484,32.313,35.132,77472941406.25009
16.05.2011,01:00:00,35.132,35.759,32.984,35.389,2401219970.7031
23.05.2011,01:00:00,35.389,38.838,34.370,38.222,24807188941.955597
30.05.2011,01:00:00,38.230,38.757,35.094,36.473,18755034179.6875
06.06.2011,01:00:00,36.473,37.844,35.658,36.043,12394663085.9376
13.06.2011,01:00:00,36.033,36.289,34.407,35.953,12475740051.2695
20.06.2011,01:00:00,35.953,36.754,33.843,34.130,15142890106.2013
27.06.2011,01:00:00,34.127,35.114,33.136,34.096,10068142028.8087
04.07.2011,01:00:00,34.107,36.841,33.843,36.638,9437456039.428799
11.07.2011,01:00:00,36.645,39.748,34.785,39.724,16526405822.7539
18.07.2011,01:00:00,39.723,40.845,38.193,40.409,13911130859.3751
25.07.2011,01:00:00,40.405,41.432,39.244,39.737,14143788146.9728
01.08.2011,01:00:00,39.735,42.243,37.512,39.180,14519082763.6719
08.08.2011,01:00:00,39.183,40.372,36.982,38.930,14025516250.6103
15.08.2011,01:00:00,38.934,43.902,38.687,43.613,10056507980.3467
22.08.2011,01:00:00,43.613,44.184,38.733,41.277,13332002136.2305
29.08.2011,01:00:00,41.279,43.358,40.279,43.230,6523478958.129801
05.09.2011,01:00:00,43.227,43.312,40.400,41.423,8613173065.1855
12.09.2011,01:00:00,41.423,41.465,39.310,40.632,10406988143.9211
19.09.2011,01:00:00,40.638,40.734,28.907,30.545,13347761108.398401
26.09.2011,01:00:00,30.545,33.509,26.027,30.380,27107967285.1563
03.10.2011,01:00:00,30.374,32.814,28.413,31.659,10925020965.5762
10.10.2011,01:00:00,31.664,33.036,31.249,32.258,8539483028.4119
17.10.2011,01:00:00,32.263,32.644,29.934,31.459,8576359107.9712
24.10.2011,01:00:00,31.456,35.655,31.200,35.308,7417868055.343699
31.10.2011,00:00:00,35.312,35.440,32.112,34.221,7270611820.221
07.11.2011,00:00:00,34.221,35.313,33.121,34.802,7710552036.2854
14.11.2011,00:00:00,34.804,34.865,30.913,32.144,8311791831.970201
21.11.2011,00:00:00,32.150,33.034,30.663,31.534,8912448001.8615
28.11.2011,00:00:00,31.542,33.673,31.110,32.853,6549569015.503
05.12.2011,00:00:00,32.857,33.214,31.391,32.116,6748110004.9019
12.12.2011,00:00:00,32.117,32.206,28.097,29.684,7748930028.9154005
19.12.2011,00:00:00,29.682,30.191,28.666,29.048,5429961975.097799
26.12.2011,00:00:00,29.047,29.164,26.155,27.806,4523194007.8736
02.01.2012,00:00:00,27.812,29.738,27.810,28.867,6130335880.2795
09.01.2012,00:00:00,28.864,30.674,28.581,29.785,7602149995.8039
16.01.2012,00:00:00,29.785,32.180,29.474,31.785,11578424247.7417
23.01.2012,00:00:00,31.785,33.998,31.534,33.889,7789683921.8139
30.01.2012,00:00:00,33.885,34.393,32.946,33.632,7689333847.0458
06.02.2012,00:00:00,33.632,34.504,32.982,33.780,6724328046.798601
13.02.2012,00:00:00,33.779,34.023,32.639,33.587,7906457946.7773
20.02.2012,00:00:00,33.582,35.713,33.362,35.423,7058586074.829101
27.02.2012,00:00:00,35.422,37.487,33.740,34.701,8627501892.0898
05.03.2012,00:00:00,34.727,34.894,32.459,34.275,14712853759.7656
12.03.2012,00:00:00,34.284,34.294,31.624,32.575,8925208114.624
19.03.2012,00:00:00,32.573,33.068,31.089,32.364,8227414138.7941
26.03.2012,01:00:00,32.365,33.172,31.633,32.464,7658196029.663199
02.04.2012,01:00:00,32.464,33.284,30.999,31.863,8791544128.418098
09.04.2012,01:00:00,31.865,32.573,31.156,31.414,6767271072.387799
16.04.2012,01:00:00,31.412,32.024,31.190,31.645,6292634033.2033
23.04.2012,01:00:00,31.646,31.694,29.954,31.338,5926171981.811601
30.04.2012,01:00:00,31.345,31.392,29.763,30.134,6854156127.9298
07.05.2012,01:00:00,30.133,30.364,28.444,28.807,5856699951.171901
14.05.2012,01:00:00,28.809,28.994,26.752,28.724,7931951965.332001
21.05.2012,01:00:00,28.723,28.843,27.114,28.600,9119384033.2033
28.05.2012,01:00:00,28.617,28.774,27.213,28.353,8531127975.4639
04.06.2012,01:00:00,28.353,29.894,27.945,28.931,11570120178.2227
11.06.2012,01:00:00,28.933,29.110,28.181,28.594,8195832443.2373
18.06.2012,01:00:00,28.593,28.944,26.582,26.693,6980877883.9111
25.06.2012,01:00:00,26.695,27.923,26.117,27.524,7043243949.890101
02.07.2012,01:00:00,27.523,28.448,26.919,26.984,6594983947.7539
09.07.2012,01:00:00,26.984,27.574,26.463,27.402,6404687873.8404
16.07.2012,01:00:00,27.403,27.616,26.791,27.223,6661369880.6763
23.07.2012,01:00:00,27.226,27.855,26.610,27.684,18018620441.436802
30.07.2012,01:00:00,27.686,28.364,26.969,27.794,8339069015.5029
06.08.2012,01:00:00,27.783,28.324,27.595,28.138,5753798019.4093
13.08.2012,01:00:00,28.144,28.329,27.495,28.117,5611910156.250099
20.08.2012,01:00:00,28.124,30.923,27.929,30.874,12717602035.5226
27.08.2012,01:00:00,30.884,31.754,30.204,31.593,6837982032.775999
03.09.2012,01:00:00,31.593,33.724,31.523,33.636,6395055973.0531
10.09.2012,01:00:00,33.638,34.922,32.463,34.693,7264840042.114201
17.09.2012,01:00:00,34.694,35.173,33.786,34.430,6136778060.913
24.09.2012,01:00:00,34.425,34.855,33.323,34.269,6854116027.832101
01.10.2012,01:00:00,34.267,35.383,34.136,34.485,5888535995.4834
08.10.2012,01:00:00,34.483,34.520,32.967,33.105,4991906036.376999
15.10.2012,01:00:00,33.105,33.344,31.694,31.844,6106352020.2637
22.10.2012,01:00:00,31.853,32.454,31.510,32.034,5844810043.334901
29.10.2012,00:00:00,32.033,32.653,30.802,31.045,4599827892.3035
05.11.2012,00:00:00,31.045,32.783,30.649,32.666,7636621925.3541
12.11.2012,00:00:00,32.665,32.924,32.024,32.408,5784593898.7733
19.11.2012,00:00:00,32.405,34.154,32.314,34.005,5735947998.0469
26.11.2012,00:00:00,34.007,34.394,32.904,33.524,6000572078.7049
03.12.2012,00:00:00,33.524,33.846,32.514,33.074,9466676158.9051
10.12.2012,00:00:00,33.068,33.790,32.174,32.296,6376911956.787199
17.12.2012,00:00:00,32.294,32.524,29.585,30.063,10812713897.705101
24.12.2012,00:00:00,30.067,30.478,29.681,30.056,3233974063.8733
31.12.2012,00:00:00,30.058,31.490,29.208,30.170,3629968046.1883
07.01.2013,00:00:00,30.170,30.933,29.849,30.403,3939926006.3173003
14.01.2013,00:00:00,30.403,32.129,30.373,31.975,5686588064.1938
21.01.2013,00:00:00,31.977,32.464,31.113,31.227,5014449853.897201
28.01.2013,00:00:00,31.224,32.234,30.726,31.813,6040550893.7836
04.02.2013,00:00:00,31.811,32.104,31.280,31.414,5205852026.4625
11.02.2013,00:00:00,31.414,31.523,29.680,29.873,5529458935.7376995
18.02.2013,00:00:00,29.869,30.159,28.270,28.692,5879872053.146201
25.02.2013,00:00:00,28.690,29.458,27.938,28.644,7231624073.028601
04.03.2013,00:00:00,28.638,29.255,28.332,28.944,6569082050.3235
11.03.2013,00:00:00,28.943,29.354,28.545,29.014,5367097980.4993
18.03.2013,00:00:00,29.017,29.334,28.438,28.666,4975425979.6142
25.03.2013,00:00:00,28.665,28.904,28.113,28.283,3292552036.2854
01.04.2013,01:00:00,28.278,28.356,26.627,27.302,5360098031.997701
08.04.2013,01:00:00,27.303,28.074,25.833,25.976,5366207984.9244
15.04.2013,01:00:00,25.976,26.092,22.023,23.264,10806946193.695198
22.04.2013,01:00:00,23.264,24.824,22.604,24.026,6925447986.6029
29.04.2013,01:00:00,24.030,24.584,23.245,24.114,5727665992.7368
06.05.2013,01:00:00,24.111,24.423,23.164,23.701,5620455951.6907
13.05.2013,01:00:00,23.701,23.824,20.817,21.469,6630514007.5685
20.05.2013,01:00:00,21.472,23.334,21.178,22.389,6986130071.64
27.05.2013,01:00:00,22.385,23.104,22.156,22.420,4767313018.799
03.06.2013,01:00:00,22.418,22.945,21.435,21.735,5542776023.8647
10.06.2013,01:00:00,21.731,22.534,21.403,22.043,4905209991.455
17.06.2013,01:00:00,22.041,22.054,19.383,20.193,4983354049.682699
24.06.2013,01:00:00,20.193,20.198,18.194,19.902,6709608131.4088
01.07.2013,01:00:00,19.907,19.927,18.693,18.864,4549776062.0116
08.07.2013,01:00:00,18.868,20.266,18.706,20.029,4462286003.112901
15.07.2013,01:00:00,20.029,20.153,19.240,19.833,3906415031.4332
22.07.2013,01:00:00,19.833,20.594,19.650,19.914,4146472003.9367003
29.07.2013,01:00:00,19.915,20.278,19.208,19.867,3729824010.8490005
05.08.2013,01:00:00,19.868,21.001,19.142,20.828,3615303977.9663
12.08.2013,01:00:00,20.828,23.397,20.644,23.274,7168274131.7749
19.08.2013,01:00:00,23.276,24.276,22.280,23.946,6042654075.6227
26.08.2013,01:00:00,23.946,25.096,23.219,23.291,6232682016.3727
02.09.2013,01:00:00,23.291,24.471,23.003,23.880,5889636032.1045
09.09.2013,01:00:00,23.878,23.923,21.381,22.250,5010092079.1626
16.09.2013,01:00:00,22.250,23.398,21.197,21.913,5267422100.0672
23.09.2013,01:00:00,21.913,22.095,21.270,21.797,5180750045.776401
30.09.2013,01:00:00,21.797,22.035,20.603,21.776,3955434043.8843
07.10.2013,01:00:00,21.775,22.467,20.939,21.301,4218270072.9371
14.10.2013,01:00:00,21.298,22.153,20.496,21.913,4827263881.683299
21.10.2013,01:00:00,21.915,22.854,21.852,22.530,3788018028.2591996
28.10.2013,00:00:00,22.530,23.065,21.693,21.827,4281796037.6740003
04.11.2013,00:00:00,21.828,22.047,21.249,21.393,3190725955.0095005
11.11.2013,00:00:00,21.390,21.445,20.425,20.760,3417602033.6152
18.11.2013,00:00:00,20.759,20.767,19.693,19.694,3121201974.8688
25.11.2013,00:00:00,19.695,20.298,19.571,19.900,2340481972.6944
02.12.2013,00:00:00,19.901,19.910,18.783,19.537,3170762966.1559
09.12.2013,00:00:00,19.536,20.470,19.284,19.608,3034320057.3922
16.12.2013,00:00:00,19.605,20.286,18.938,19.421,3173453933.0006
23.12.2013,00:00:00,19.418,20.172,19.271,20.121,1164134003.6393
30.12.2013,00:00:00,20.119,20.411,18.706,20.130,2274150039.196
06.01.2014,00:00:00,20.274,20.336,19.308,20.202,2556182031.6315994
13.01.2014,00:00:00,20.200,20.598,19.923,20.321,2935693999.2905006
20.01.2014,00:00:00,20.319,20.382,19.635,20.007,2108206045.1508002
27.01.2014,00:00:00,20.005,20.029,18.973,19.092,1873929969.7877002
03.02.2014,00:00:00,19.090,20.275,19.064,20.029,1936551997.1847
10.02.2014,00:00:00,20.022,21.701,19.916,21.666,3269451932.9071994
17.02.2014,00:00:00,21.665,21.955,21.302,21.836,3397496987.3427997
24.02.2014,00:00:00,21.837,22.158,20.981,21.383,3441567955.0171003
03.03.2014,00:00:00,21.383,21.701,20.724,20.823,3583614049.9114003
10.03.2014,00:00:00,20.824,21.762,20.586,21.514,2980529963.4933
17.03.2014,00:00:00,21.510,21.539,20.108,20.225,2996349975.586
24.03.2014,00:00:00,20.224,20.274,19.559,19.822,3172759973.0492
31.03.2014,01:00:00,19.818,20.214,19.626,19.932,2844899920.4636
07.04.2014,01:00:00,19.934,20.376,19.598,20.086,3085359968.1855
14.04.2014,01:00:00,20.087,20.102,19.218,19.547,2500677991.867
21.04.2014,01:00:00,19.549,19.894,18.930,19.705,3113367925.6439
28.04.2014,01:00:00,19.707,19.741,18.739,19.473,3066538030.6243
05.05.2014,01:00:00,19.478,19.741,19.015,19.083,2880777982.7119994
12.05.2014,01:00:00,19.081,19.975,19.052,19.328,3040074054.7180996
19.05.2014,01:00:00,19.327,19.802,19.230,19.411,2782828044.8914
26.05.2014,01:00:00,19.411,19.479,18.624,18.751,2545641983.0322
02.06.2014,01:00:00,18.752,19.187,18.656,19.023,2693558002.4719
09.06.2014,01:00:00,19.021,19.767,18.965,19.739,4510904052.7344
16.06.2014,01:00:00,19.739,20.959,19.436,20.803,4565645973.205601
23.06.2014,01:00:00,20.802,21.184,20.687,20.932,3802699954.9866996
30.06.2014,01:00:00,20.931,21.270,20.709,21.068,3439191978.4546
07.07.2014,01:00:00,21.068,21.556,20.800,21.424,2946486015.3198
14.07.2014,01:00:00,21.425,21.430,20.560,20.855,3634398006.4393
21.07.2014,01:00:00,20.854,21.085,20.287,20.681,3247753982.5439005
28.07.2014,01:00:00,20.681,20.783,20.241,20.314,3065482032.7757998
04.08.2014,01:00:00,20.313,20.438,19.725,19.862,2908678005.2183995
11.08.2014,01:00:00,19.862,20.128,19.496,19.511,3006356040.9544997
18.08.2014,01:00:00,19.513,19.694,19.297,19.405,2608002014.1603003
25.08.2014,01:00:00,19.423,19.878,19.301,19.427,2611530006.4087996
01.09.2014,01:00:00,19.428,19.516,18.983,19.166,2234497320.1751003
08.09.2014,01:00:00,19.165,19.305,18.439,18.558,2726355846.4051
15.09.2014,01:00:00,18.559,18.865,17.765,17.769,2973131481.1707
22.09.2014,01:00:00,17.768,17.987,17.322,17.546,3035726058.9600005
29.09.2014,01:00:00,17.546,17.633,16.714,16.756,3215322341.9189
06.10.2014,01:00:00,16.755,17.704,16.659,17.492,3589856307.9834
13.10.2014,01:00:00,17.494,17.803,17.014,17.259,3585582197.1892996
20.10.2014,01:00:00,17.260,17.647,17.029,17.148,2285585783.0048
27.10.2014,00:00:00,17.150,17.396,15.739,15.968,2926207633.9723
03.11.2014,00:00:00,15.969,16.224,15.047,15.697,3635314720.1538
10.11.2014,00:00:00,15.698,16.380,15.260,16.236,3553601112.3657
17.11.2014,00:00:00,16.236,16.611,15.890,16.411,4264962675.0945
24.11.2014,00:00:00,16.412,16.713,14.392,14.733,3150610782.6233993
01.12.2014,00:00:00,14.733,16.775,14.609,16.203,4965538320.541301
08.12.2014,00:00:00,16.203,17.302,16.169,17.012,4211111125.9460998
15.12.2014,00:00:00,17.013,17.032,15.521,16.062,4211559614.1815996
22.12.2014,00:00:00,16.061,16.292,15.511,16.041,2756498699.1880994
29.12.2014,00:00:00,16.041,16.458,15.514,15.733,2541317043.3044996
05.01.2015,00:00:00,15.732,16.696,15.712,16.626,3167841953.2776
12.01.2015,00:00:00,16.627,17.852,16.412,17.780,4572826778.4119
19.01.2015,00:00:00,17.777,18.467,17.594,18.362,3943752067.5658994
26.01.2015,00:00:00,18.362,18.461,16.727,17.156,3812287824.6307
02.02.2015,00:00:00,17.159,17.729,16.548,16.743,3457672906.8756003
09.02.2015,00:00:00,16.744,17.431,16.618,17.307,2852299950.5995
16.02.2015,00:00:00,17.307,17.401,16.179,16.225,2534384708.4046
23.02.2015,00:00:00,16.224,16.885,16.071,16.609,2225839401.2452
02.03.2015,00:00:00,16.610,16.780,15.757,15.857,2001204920.7687004
09.03.2015,00:00:00,15.856,15.974,15.274,15.594,2426000213.6231
16.03.2015,00:00:00,15.594,16.898,15.376,16.800,2995711288.4522004
23.03.2015,00:00:00,16.799,17.393,16.617,16.910,2089396589.2791998
30.03.2015,01:00:00,16.910,17.125,16.433,17.080,1566702114.1052
06.04.2015,01:00:00,17.082,17.305,16.126,16.473,2091397716.5222
13.04.2015,01:00:00,16.473,16.525,15.986,16.337,1910698707.5807
20.04.2015,01:00:00,16.336,16.370,15.591,15.763,2209106349.9449997
27.04.2015,01:00:00,15.764,16.726,15.721,16.177,3041727212.9058
04.05.2015,01:00:00,16.177,16.753,16.133,16.465,2528292388.9162
11.05.2015,01:00:00,16.465,17.709,16.134,17.540,2933909696.5789
18.05.2015,01:00:00,17.538,17.765,16.863,17.020,5225634452.8198
25.05.2015,01:00:00,17.018,17.177,16.538,16.705,7077178665.1612
01.06.2015,01:00:00,16.705,17.168,15.919,16.039,11125797836.3039
08.06.2015,01:00:00,16.038,16.231,15.778,16.020,6088082374.5727
15.06.2015,01:00:00,16.019,16.452,15.854,16.108,6503102836.6089
22.06.2015,01:00:00,16.107,16.261,15.528,15.933,6468653678.894001
29.06.2015,01:00:00,15.932,15.956,15.479,15.719,7094454814.9109
06.07.2015,01:00:00,15.718,15.891,14.668,15.647,10361095153.8085
13.07.2015,01:00:00,15.648,15.672,14.842,14.866,8834071052.5513
20.07.2015,01:00:00,14.865,15.018,14.371,14.694,14374087577.8198
27.07.2015,01:00:00,14.691,14.995,14.526,14.733,12339066497.8028
03.08.2015,01:00:00,14.731,15.016,14.375,14.764,12905249870.3002
10.08.2015,01:00:00,14.763,15.609,14.736,15.226,14784280292.510998
17.08.2015,01:00:00,15.224,15.662,14.719,15.356,8924098495.4835
24.08.2015,01:00:00,15.357,15.359,13.966,14.545,16880010749.817
31.08.2015,01:00:00,14.546,14.952,14.410,14.635,10212793449.4019
07.09.2015,01:00:00,14.640,14.932,14.286,14.534,10751426643.3716
14.09.2015,01:00:00,14.531,15.420,14.279,15.161,9664657386.779701
21.09.2015,01:00:00,15.159,15.256,14.707,15.110,9176248916.6261
28.09.2015,01:00:00,15.110,15.341,14.390,15.232,10452672378.539999
05.10.2015,01:00:00,15.232,16.110,15.107,15.788,15681239471.435598
12.10.2015,01:00:00,15.788,16.189,15.623,16.002,10647295730.5908
19.10.2015,01:00:00,16.002,16.093,15.626,15.837,8013494308.4717
26.10.2015,00:00:00,15.836,16.352,15.465,15.509,10654704689.0259
02.11.2015,00:00:00,15.510,15.550,14.711,14.733,9786737586.975199
09.11.2015,00:00:00,14.734,14.790,14.168,14.390,7628262374.877999
16.11.2015,00:00:00,14.392,14.448,14.026,14.159,8998376945.4956
23.11.2015,00:00:00,14.159,14.375,13.901,14.064,8056906524.658201
30.11.2015,00:00:00,14.063,14.607,13.821,14.480,7870341659.546
07.12.2015,00:00:00,14.481,14.631,13.764,13.945,8262854545.5933
14.12.2015,00:00:00,13.945,14.302,13.635,14.063,8079960971.8323
21.12.2015,00:00:00,14.063,14.391,14.042,14.332,6855127944.9462
28.12.2015,00:00:00,14.331,14.408,13.764,13.881,6141988479.6143
04.01.2016,00:00:00,13.882,14.376,13.830,13.945,6234441036.2243
11.01.2016,00:00:00,13.946,14.190,13.735,13.903,7010986991.882299
18.01.2016,00:00:00,13.902,14.335,13.832,14.046,7108750898.3612
25.01.2016,00:00:00,14.042,14.563,13.998,14.247,5292197364.8072
01.02.2016,00:00:00,14.246,15.036,14.187,14.919,8063046361.9233
08.02.2016,00:00:00,14.917,15.934,14.875,15.675,13427118499.7559
15.02.2016,00:00:00,15.679,15.693,15.120,15.307,9767753707.8859
22.02.2016,00:00:00,15.307,15.572,14.661,14.719,11338389205.932701
29.02.2016,00:00:00,14.718,15.784,14.603,15.575,12414359611.511301
07.03.2016,00:00:00,15.575,15.785,15.138,15.497,11666557937.622202
14.03.2016,00:00:00,15.498,16.129,15.168,15.776,9515504623.413198
21.03.2016,00:00:00,15.774,15.998,15.125,15.174,6498044143.676701
28.03.2016,01:00:00,15.173,15.515,14.776,15.005,8194382278.4424
04.04.2016,01:00:00,15.005,15.424,14.877,15.373,7298751525.8789
11.04.2016,01:00:00,15.373,16.357,15.352,16.235,10665984027.862598
18.04.2016,01:00:00,16.235,17.683,16.102,16.997,16359586853.0274
25.04.2016,01:00:00,16.998,17.948,16.790,17.855,17516021018.982
02.05.2016,01:00:00,17.855,18.002,17.166,17.407,20904343711.8531
09.05.2016,01:00:00,17.405,17.568,16.813,17.103,22907848007.202297
16.05.2016,01:00:00,17.103,17.379,16.323,16.466,22341420387.2682
23.05.2016,01:00:00,16.469,16.554,16.110,16.152,17602840484.619297
30.05.2016,01:00:00,16.152,16.438,15.808,16.430,14294551588.0585
06.06.2016,01:00:00,16.432,17.363,16.232,17.354,15610705245.9718
13.06.2016,01:00:00,17.355,17.848,17.089,17.419,16868000282.2876
20.06.2016,01:00:00,17.418,18.305,17.093,17.864,12176164367.675798
27.06.2016,01:00:00,17.864,19.962,17.516,19.933,16314612434.387299
04.07.2016,01:00:00,19.932,21.114,19.208,20.458,10345469322.204699
11.07.2016,01:00:00,20.458,20.669,19.884,20.177,6857168571.472199
18.07.2016,01:00:00,20.177,20.207,19.204,19.587,8968346090.3168
25.07.2016,01:00:00,19.587,20.506,19.292,20.355,8575724609.375001
01.08.2016,01:00:00,20.355,20.772,19.485,19.658,10329875114.440998
08.08.2016,01:00:00,19.658,20.480,19.581,19.806,8882216243.744001
15.08.2016,01:00:00,19.807,20.098,18.703,18.993,8134597160.3395
22.08.2016,01:00:00,18.993,19.111,18.460,18.554,7200345640.182599
29.08.2016,01:00:00,18.554,19.431,18.380,19.353,9771850528.717001
05.09.2016,01:00:00,19.355,20.121,19.007,19.083,9061828056.3354
12.09.2016,01:00:00,19.086,19.277,18.648,18.804,10919851280.2124
19.09.2016,01:00:00,18.804,20.057,18.777,19.693,10098125478.7446
26.09.2016,01:00:00,19.693,19.733,18.906,19.142,88169524803.1616
03.10.2016,01:00:00,19.142,19.304,17.083,17.667,65030871917.72469
10.10.2016,01:00:00,17.667,17.821,17.298,17.436,69328569063.1866
17.10.2016,01:00:00,17.438,17.767,17.331,17.515,56477871124.26759
24.10.2016,01:00:00,17.512,17.899,17.453,17.822,17466746345.5202
31.10.2016,00:00:00,17.823,18.729,17.732,18.163,19945181053.1617
07.11.2016,00:00:00,18.163,18.987,17.180,17.472,31191045253.753696
14.11.2016,00:00:00,17.467,17.492,16.423,16.550,24105307134.6284
21.11.2016,00:00:00,16.554,16.883,16.159,16.526,18036251394.2721
28.11.2016,00:00:00,16.526,16.972,16.240,16.788,26773599552.1546
05.12.2016,00:00:00,16.788,17.225,16.488,16.890,17896773714.0656
12.12.2016,00:00:00,16.888,17.209,15.868,16.099,18600883297.920403
19.12.2016,00:00:00,16.102,16.202,15.619,15.707,9345712707.5195
26.12.2016,00:00:00,15.762,16.256,15.698,15.886,4367385284.4237995
02.01.2017,00:00:00,15.920,16.709,15.890,16.508,17660361113.5484
09.01.2017,00:00:00,16.509,16.982,16.406,16.861,20358391513.8245
16.01.2017,00:00:00,16.862,17.323,16.722,17.146,17189779579.1627
23.01.2017,00:00:00,17.146,17.280,16.621,17.192,16370100761.413698
30.01.2017,00:00:00,17.183,17.727,17.047,17.474,16133589908.599998
06.02.2017,00:00:00,17.471,18.002,17.446,17.913,18658921472.5495
13.02.2017,00:00:00,17.915,18.129,17.733,18.002,17250681249.6186
20.02.2017,00:00:00,18.000,18.400,17.828,18.330,11852236468.3153
27.02.2017,00:00:00,18.330,18.480,17.619,17.933,17498010066.0325
06.03.2017,00:00:00,17.932,17.935,16.824,16.994,14541697340.0116
13.03.2017,00:00:00,16.989,17.552,16.817,17.403,8923370303.154
20.03.2017,00:00:00,17.405,17.855,17.310,17.830,8126017211.9141
27.03.2017,01:00:00,17.829,18.291,17.817,18.208,7561479939.460799
03.04.2017,01:00:00,18.208,18.463,17.850,17.987,8356690174.1029005
10.04.2017,01:00:00,17.991,18.622,17.735,18.608,7161225458.1452
17.04.2017,01:00:00,18.606,18.643,17.613,17.858,9058964633.9417
24.04.2017,01:00:00,17.859,18.001,17.130,17.237,9993679106.7124
01.05.2017,01:00:00,17.237,17.238,16.205,16.441,5301725193.0237
08.05.2017,01:00:00,16.436,16.490,16.053,16.457,3887763844.4901
15.05.2017,01:00:00,16.461,17.145,16.415,16.977,5766940059.661799
22.05.2017,01:00:00,16.981,17.381,16.838,17.376,6114762469.2917
29.05.2017,01:00:00,17.374,17.577,17.000,17.561,6826017642.974801
05.06.2017,01:00:00,17.560,17.738,17.153,17.175,7712643695.8314
12.06.2017,01:00:00,17.175,17.357,16.646,16.696,10212137691.497799
19.06.2017,01:00:00,16.695,16.788,16.349,16.702,6572839813.232499
26.06.2017,01:00:00,16.706,16.893,16.264,16.617,9685085069.656301
03.07.2017,01:00:00,16.620,16.628,15.092,15.598,8293886531.829801
10.07.2017,01:00:00,15.599,16.078,15.177,16.040,9274547454.834099
17.07.2017,01:00:00,16.038,16.520,15.965,16.516,8752389221.1915
24.07.2017,01:00:00,16.517,16.810,16.241,16.771,10529692905.426098
31.07.2017,01:00:00,16.767,16.881,16.190,16.224,9899844215.3931
07.08.2017,01:00:00,16.225,17.234,16.118,17.075,9973701076.5077
14.08.2017,01:00:00,17.078,17.307,16.570,16.897,14203646404.2664
21.08.2017,01:00:00,16.897,17.185,16.720,17.040,11918062940.597599
28.08.2017,01:00:00,17.040,17.869,17.015,17.843,12711005153.656199
04.09.2017,01:00:00,17.843,18.205,17.758,17.835,11557528738.021801
11.09.2017,01:00:00,17.832,17.953,17.524,17.534,10289970550.537102
18.09.2017,01:00:00,17.539,17.615,16.826,16.911,12358143013.0006
25.09.2017,01:00:00,16.912,17.242,16.599,16.621,13260268541.3361
02.10.2017,01:00:00,16.620,16.877,16.322,16.805,10803832907.1998
09.10.2017,01:00:00,16.803,17.416,16.785,17.410,13444140785.2173
16.10.2017,01:00:00,17.410,17.453,16.888,16.958,17501371948.2422
23.10.2017,01:00:00,16.958,17.137,16.589,16.823,16566656803.1311
30.10.2017,00:00:00,16.824,17.232,16.631,16.856,18712390625.000095
06.11.2017,00:00:00,16.859,17.248,16.788,16.901,24981161675.9302
13.11.2017,00:00:00,16.901,17.370,16.821,17.257,21688338143.348698
20.11.2017,00:00:00,17.259,17.265,16.822,17.031,20774889401.4361
27.11.2017,00:00:00,17.037,17.186,16.234,16.379,24436299968.7196
04.12.2017,00:00:00,16.378,16.423,15.632,15.824,17300014640.808197
11.12.2017,00:00:00,15.825,16.139,15.606,16.016,13989516387.939598
18.12.2017,00:00:00,16.015,16.416,16.001,16.343,13849699218.7501
25.12.2017,00:00:00,16.312,17.102,16.305,16.942,10561034005.6419
01.01.2018,00:00:00,16.942,17.274,16.918,17.226,15729164494.991293
08.01.2018,00:00:00,17.227,17.277,16.861,17.216,20670730200.290703
15.01.2018,00:00:00,17.217,17.417,16.855,17.060,18498549100.5183
22.01.2018,00:00:00,17.059,17.693,16.738,17.419,19854524787.90299
29.01.2018,00:00:00,17.415,17.474,16.537,16.626,17406077216.1487
05.02.2018,00:00:00,16.627,16.978,16.177,16.356,24298948125.8387
12.02.2018,00:00:00,16.357,16.973,16.326,16.640,16661143826.007795
19.02.2018,00:00:00,16.640,16.760,16.381,16.489,13904971908.509798
26.02.2018,00:00:00,16.490,16.760,16.147,16.515,14933885482.886019
05.03.2018,00:00:00,16.510,16.853,16.337,16.591,13084653097.354664
12.03.2018,00:00:00,16.594,16.659,16.210,16.302,9208738703.575796