29.12.2003,00:00:00,1.31121,1.31473,1.28362,1.28628,720480.4683999999
05.01.2004,00:00:00,1.28623,1.29471,1.26768,1.27141,944299.5783
12.01.2004,00:00:00,1.27143,1.30213,1.26835,1.29885,952447.8379000002
19.01.2004,00:00:00,1.29906,1.31933,1.28475,1.31454,959999.5313
26.01.2004,00:00:00,1.31452,1.33586,1.30322,1.32546,1001514.9376000001
02.02.2004,00:00:00,1.32543,1.34265,1.32302,1.32857,968216.3281999999
09.02.2004,00:00:00,1.32854,1.33403,1.30659,1.31705,1023705.3781000001
16.02.2004,00:00:00,1.31649,1.35070,1.30738,1.33706,980061.4942000001
23.02.2004,00:00:00,1.33698,1.34998,1.32570,1.33430,1020807.4004
01.03.2004,00:00:00,1.33426,1.35818,1.31525,1.32105,1025288.7032
08.03.2004,00:00:00,1.32130,1.33843,1.31589,1.33439,1022274.3223
15.03.2004,00:00:00,1.33438,1.34375,1.32397,1.33358,993815.4531000002
22.03.2004,00:00:00,1.33364,1.34294,1.31626,1.31921,994421.9716
29.03.2004,01:00:00,1.31912,1.32119,1.30073,1.31543,1012749.1093000001
05.04.2004,01:00:00,1.31528,1.32957,1.30342,1.32794,953899.2597000002
12.04.2004,01:00:00,1.32808,1.34947,1.32576,1.34413,1015116.1846
19.04.2004,01:00:00,1.34408,1.36488,1.34175,1.36078,1017916.9180999999
26.04.2004,01:00:00,1.36051,1.37893,1.34613,1.37048,1019538.375
03.05.2004,01:00:00,1.37027,1.38651,1.36282,1.38592,1006303.1506000002
10.05.2004,01:00:00,1.38586,1.39857,1.38249,1.39263,1010670.2529999999
17.05.2004,01:00:00,1.39251,1.40003,1.36600,1.37265,1031897.1504999999
24.05.2004,01:00:00,1.37252,1.37756,1.35514,1.36225,1031908.503
31.05.2004,01:00:00,1.36225,1.37198,1.34759,1.35054,977910.2129
07.06.2004,01:00:00,1.35034,1.36887,1.33926,1.36610,1010375.1436000001
14.06.2004,01:00:00,1.36598,1.38138,1.35983,1.36109,1008877.3009
21.06.2004,01:00:00,1.36084,1.36769,1.34049,1.34947,1010061.3339999999
28.06.2004,01:00:00,1.34950,1.35305,1.31999,1.32084,1008386.9493000001
05.07.2004,01:00:00,1.32078,1.32839,1.31321,1.31614,1004232.6035000001
12.07.2004,01:00:00,1.31603,1.32985,1.30544,1.30621,992276.467
19.07.2004,01:00:00,1.30598,1.32678,1.30522,1.32146,1045500.2852
26.07.2004,01:00:00,1.32128,1.33810,1.31509,1.32912,998414.0683999999
02.08.2004,01:00:00,1.32912,1.33440,1.30776,1.31139,994714.9063
09.08.2004,01:00:00,1.31141,1.33328,1.30722,1.31041,984857.1642000001
16.08.2004,01:00:00,1.31018,1.31248,1.29494,1.29723,985799.5371999999
23.08.2004,01:00:00,1.29716,1.31492,1.29689,1.31340,1010810.3594
30.08.2004,01:00:00,1.31317,1.32446,1.29644,1.29892,976219.8095
06.09.2004,01:00:00,1.29888,1.30065,1.28471,1.29003,978474.8282
13.09.2004,01:00:00,1.28993,1.30519,1.28784,1.29868,979523.3535
20.09.2004,01:00:00,1.29893,1.30212,1.27201,1.27452,975404.3594000001
27.09.2004,01:00:00,1.27443,1.27735,1.25886,1.26242,994766
04.10.2004,01:00:00,1.26218,1.27508,1.24953,1.25272,999014.9903000001
11.10.2004,01:00:00,1.25242,1.26859,1.25053,1.25324,983336.4356000001
18.10.2004,01:00:00,1.25333,1.26127,1.22702,1.22731,982277.8594999999
25.10.2004,01:00:00,1.22757,1.23425,1.21574,1.21774,942694.4561
01.11.2004,00:00:00,1.21769,1.22819,1.19379,1.19625,933980.5839999999
08.11.2004,00:00:00,1.19578,1.20298,1.19011,1.19294,922861.0781
15.11.2004,00:00:00,1.19312,1.20847,1.18709,1.19329,924916.3827999999
22.11.2004,00:00:00,1.19328,1.19687,1.17156,1.17774,917067.1816000001
29.11.2004,00:00:00,1.17772,1.20054,1.17510,1.19110,900263.8224000002
06.12.2004,00:00:00,1.19110,1.23376,1.18834,1.22591,896795.0255000001
13.12.2004,00:00:00,1.22578,1.24035,1.21832,1.22809,892889.5469000001
20.12.2004,00:00:00,1.22790,1.24638,1.22180,1.23153,881774.8623
27.12.2004,00:00:00,1.23135,1.23245,1.19625,1.20079,826339.1437
03.01.2005,00:00:00,1.20021,1.23914,1.19890,1.23140,888172.8848
10.01.2005,00:00:00,1.23142,1.23190,1.19430,1.21720,899669.3310000001
17.01.2005,00:00:00,1.21713,1.23616,1.21178,1.22120,838813.2998
24.01.2005,00:00:00,1.22113,1.24609,1.21394,1.23985,890948.2247
31.01.2005,00:00:00,1.24007,1.24988,1.22924,1.24920,884599.3692999999
07.02.2005,00:00:00,1.24913,1.25783,1.23401,1.23637,882856.7940000001
14.02.2005,00:00:00,1.23627,1.24476,1.22514,1.23080,884306.7559
21.02.2005,00:00:00,1.23124,1.24920,1.22321,1.23771,894909.9035
28.02.2005,00:00:00,1.23770,1.24886,1.22674,1.23087,886955.0371999999
07.03.2005,00:00:00,1.23088,1.23459,1.19835,1.20329,889497.6662000001
14.03.2005,00:00:00,1.20324,1.20926,1.19758,1.20288,888640.4278
21.03.2005,00:00:00,1.20281,1.21938,1.19814,1.21766,941479.4688
28.03.2005,01:00:00,1.21768,1.22614,1.20516,1.21542,1052201.3594
04.04.2005,01:00:00,1.21545,1.23124,1.21490,1.22763,1065958.5509
11.04.2005,01:00:00,1.22760,1.24746,1.21705,1.24485,955756.8028
18.04.2005,01:00:00,1.24503,1.24952,1.23124,1.23493,894273.5596999999
25.04.2005,01:00:00,1.23493,1.26289,1.23473,1.26242,895787.5839999999
02.05.2005,01:00:00,1.26234,1.26276,1.23827,1.24200,883026.5059
09.05.2005,01:00:00,1.24193,1.26577,1.23551,1.26576,902537.5724
16.05.2005,01:00:00,1.26573,1.27292,1.25520,1.26594,896975.6408
23.05.2005,01:00:00,1.26581,1.26905,1.25122,1.25670,868726.7559
30.05.2005,01:00:00,1.25659,1.26270,1.24235,1.24739,887194.5839
06.06.2005,01:00:00,1.24730,1.25820,1.24234,1.25130,855862.8184
13.06.2005,01:00:00,1.25123,1.25869,1.22809,1.22890,861093.418
20.06.2005,01:00:00,1.22883,1.24231,1.22694,1.23436,860831.253
27.06.2005,01:00:00,1.23433,1.24685,1.22311,1.24540,875702.8907
04.07.2005,01:00:00,1.24533,1.24745,1.21722,1.21860,870560.2627000001
11.07.2005,01:00:00,1.21853,1.22139,1.20195,1.21980,867079.0685
18.07.2005,01:00:00,1.21973,1.22432,1.20965,1.22000,861137.3564999999
25.07.2005,01:00:00,1.21986,1.24240,1.21525,1.22386,840279.2529000001
01.08.2005,01:00:00,1.22383,1.22424,1.20642,1.21680,857198.7373
08.08.2005,01:00:00,1.21673,1.21896,1.19222,1.19390,854303.8809000001
15.08.2005,01:00:00,1.19393,1.22160,1.19392,1.21208,853713.5431
22.08.2005,01:00:00,1.21197,1.21280,1.18600,1.19101,841557.9806
29.08.2005,01:00:00,1.19091,1.20261,1.18049,1.18790,853203.2599000001
05.09.2005,01:00:00,1.18780,1.19337,1.17243,1.17590,856966.2559999999
12.09.2005,01:00:00,1.17592,1.18942,1.17581,1.17950,850824.7784
19.09.2005,01:00:00,1.17943,1.18268,1.16202,1.17364,849233.6934999999
26.09.2005,01:00:00,1.17353,1.18155,1.15870,1.16290,875181.5215
03.10.2005,01:00:00,1.16286,1.18635,1.16196,1.17507,875275.084
10.10.2005,01:00:00,1.17463,1.18901,1.16822,1.18507,869584.8339000001
17.10.2005,01:00:00,1.18468,1.18876,1.17078,1.18562,862164.3242
24.10.2005,01:00:00,1.18563,1.19209,1.16402,1.17800,875225.8222000002
31.10.2005,00:00:00,1.17792,1.18630,1.17171,1.18458,887609.834
07.11.2005,00:00:00,1.18470,1.19713,1.18001,1.19003,895981.3028
14.11.2005,00:00:00,1.19003,1.19734,1.18515,1.18850,845777.7061000001
21.11.2005,00:00:00,1.18850,1.19055,1.16749,1.16790,824255.4473000001
28.11.2005,00:00:00,1.16783,1.17326,1.16022,1.16060,824307.9687000001
05.12.2005,00:00:00,1.16053,1.16388,1.15321,1.15774,815401.6563
12.12.2005,00:00:00,1.15760,1.16114,1.14234,1.16000,830073.4815
19.12.2005,00:00:00,1.15993,1.17517,1.15772,1.16817,834775.6368
26.12.2005,00:00:00,1.16808,1.17462,1.16036,1.16226,846527.6817000001
02.01.2006,00:00:00,1.16235,1.17244,1.14521,1.16554,854991.0655000001
09.01.2006,00:00:00,1.16543,1.17438,1.15576,1.15910,831945.3028
16.01.2006,00:00:00,1.15903,1.17950,1.15147,1.15363,846657.7442000001
23.01.2006,00:00:00,1.15351,1.15786,1.14534,1.14890,852100.0724000001
30.01.2006,00:00:00,1.14893,1.14998,1.13748,1.14260,821362.3692000001
06.02.2006,00:00:00,1.14253,1.15581,1.14210,1.15350,822392.6349000001
13.02.2006,00:00:00,1.15343,1.16106,1.14961,1.15020,823386.3281
20.02.2006,00:00:00,1.15013,1.15541,1.14500,1.14976,828920.5469000001
27.02.2006,00:00:00,1.14974,1.15056,1.12979,1.13430,828862.6378
06.03.2006,00:00:00,1.13426,1.16467,1.13367,1.16073,833104.1748
13.03.2006,00:00:00,1.16071,1.16340,1.15116,1.15934,829128.1621000001
20.03.2006,00:00:00,1.15920,1.17203,1.15705,1.16673,839090.4688
27.03.2006,01:00:00,1.16663,1.17438,1.15730,1.16880,832993.422
03.04.2006,01:00:00,1.16882,1.17685,1.14400,1.14780,838073.4746
10.04.2006,01:00:00,1.14772,1.15330,1.14220,1.14960,816899.3281
17.04.2006,01:00:00,1.14956,1.14999,1.13436,1.13560,825085.4102
24.04.2006,01:00:00,1.13558,1.13970,1.11600,1.11750,828499.0283999998
01.05.2006,01:00:00,1.11739,1.11861,1.10119,1.10521,828856.6348000001
08.05.2006,01:00:00,1.10503,1.11636,1.09743,1.10800,839215.8720999999
15.05.2006,01:00:00,1.10797,1.12718,1.10122,1.12136,853379.003
22.05.2006,01:00:00,1.12134,1.12658,1.10312,1.10516,856035.4658
29.05.2006,01:00:00,1.10513,1.10978,1.09287,1.10240,828840.4063000001
05.06.2006,01:00:00,1.10230,1.12428,1.09761,1.10636,835625.7598000001
12.06.2006,01:00:00,1.10631,1.12485,1.09599,1.12290,847496.4474000001
19.06.2006,01:00:00,1.12290,1.12857,1.10311,1.12160,844819.7031
26.06.2006,01:00:00,1.12153,1.12641,1.10797,1.11533,836779.2031
03.07.2006,01:00:00,1.11533,1.11743,1.10397,1.11500,828827.2217000001
10.07.2006,01:00:00,1.11496,1.13974,1.11307,1.12840,840016.9122
17.07.2006,01:00:00,1.12840,1.14045,1.12616,1.13770,830318.9406
24.07.2006,01:00:00,1.13763,1.14563,1.12576,1.12987,839545.7061
31.07.2006,01:00:00,1.12980,1.13706,1.12062,1.12590,842139.9659
07.08.2006,01:00:00,1.12593,1.12801,1.11507,1.12380,832812.4688
14.08.2006,01:00:00,1.12369,1.13165,1.11432,1.12519,830040.128
21.08.2006,01:00:00,1.12513,1.12525,1.10487,1.10840,827620.1906000001
28.08.2006,01:00:00,1.10840,1.11244,1.10272,1.10470,855485.4943000001
04.09.2006,01:00:00,1.10457,1.12149,1.10404,1.12018,894764.5753
11.09.2006,01:00:00,1.12055,1.12332,1.11202,1.11871,876476.9844
18.09.2006,01:00:00,1.11871,1.12936,1.11187,1.11698,879886.2851999999
25.09.2006,01:00:00,1.11700,1.11890,1.10850,1.11740,874145.0626
02.10.2006,01:00:00,1.11733,1.13029,1.11443,1.12605,872284.4279
09.10.2006,01:00:00,1.12615,1.13839,1.12105,1.13650,863991.5879000002
16.10.2006,01:00:00,1.13642,1.14122,1.12026,1.12506,866960.5937000001
23.10.2006,01:00:00,1.12506,1.13191,1.11746,1.11890,862075.6133000001
30.10.2006,00:00:00,1.11893,1.13717,1.11768,1.12898,860589.9249000001
06.11.2006,00:00:00,1.12893,1.13616,1.12560,1.13070,856117.8565
13.11.2006,00:00:00,1.13063,1.14745,1.13023,1.14610,860003.4434
20.11.2006,00:00:00,1.14584,1.14926,1.13049,1.13280,853925.4405
27.11.2006,00:00:00,1.13273,1.14653,1.12857,1.14290,857649.0967
04.12.2006,00:00:00,1.14264,1.15152,1.13791,1.14876,868513.1377
11.12.2006,00:00:00,1.14873,1.15877,1.14529,1.15758,857694.6876000001
18.12.2006,00:00:00,1.15753,1.15889,1.14297,1.15767,868491.8399
25.12.2006,00:00:00,1.15763,1.16662,1.15594,1.16455,894670.834
01.01.2007,00:00:00,1.16475,1.17827,1.16218,1.17313,899139.4786
08.01.2007,00:00:00,1.17307,1.21518,1.16786,1.16868,867620.1621000001
15.01.2007,00:00:00,1.16862,1.17733,1.16439,1.17249,865476.1973
22.01.2007,00:00:00,1.17251,1.18500,1.17120,1.17946,875647.547
29.01.2007,00:00:00,1.17943,1.18685,1.17354,1.18421,866476.8554000001
05.02.2007,00:00:00,1.18403,1.18751,1.17124,1.17340,893442.2443
12.02.2007,00:00:00,1.17337,1.17649,1.16172,1.16367,905391.3722000001
19.02.2007,00:00:00,1.16358,1.17154,1.15636,1.15793,884340.3007
26.02.2007,00:00:00,1.15790,1.19775,1.15752,1.17719,877796.1534
05.03.2007,00:00:00,1.17713,1.18232,1.17010,1.17180,891064.2071
12.03.2007,00:00:00,1.17173,1.17786,1.16789,1.17600,900129.3673
19.03.2007,00:00:00,1.17605,1.17862,1.15323,1.16062,788267.294
26.03.2007,01:00:00,1.16083,1.16356,1.14977,1.15190,819848.1934000001
02.04.2007,01:00:00,1.15190,1.15990,1.14860,1.15080,849688.2521
09.04.2007,01:00:00,1.15080,1.15310,1.13275,1.13806,686096.1095
16.04.2007,01:00:00,1.13580,1.13640,1.12108,1.12265,867741.0562
23.04.2007,01:00:00,1.12270,1.12470,1.11285,1.11645,851323.1233000001
30.04.2007,01:00:00,1.11660,1.11965,1.10315,1.10620,1830271.8213
07.05.2007,01:00:00,1.10655,1.11680,1.10030,1.11090,2019944.7188
14.05.2007,01:00:00,1.11090,1.11250,1.08710,1.08985,2466164.5371999997
21.05.2007,01:00:00,1.08985,1.08985,1.07750,1.07985,2354050.0313
28.05.2007,01:00:00,1.07985,1.08350,1.05948,1.06130,2469748.5899
04.06.2007,01:00:00,1.06120,1.07130,1.05480,1.06230,2849045.7148
11.06.2007,01:00:00,1.06230,1.07390,1.05874,1.06680,2835473.8438
18.06.2007,01:00:00,1.06680,1.07590,1.06140,1.06845,3169631.5683999998
25.06.2007,01:00:00,1.06845,1.07335,1.04680,1.06300,3362862.0117
02.07.2007,01:00:00,1.06300,1.06345,1.04610,1.04825,2364266.1056
09.07.2007,01:00:00,1.04830,1.06120,1.04430,1.04747,3515650.0176
16.07.2007,01:00:00,1.04770,1.04975,1.03995,1.04770,2352691.0938999997
23.07.2007,01:00:00,1.04770,1.06500,1.03400,1.06466,3805790.9805
30.07.2007,01:00:00,1.06475,1.07010,1.05000,1.05690,3782633.8711
06.08.2007,01:00:00,1.05680,1.06420,1.04610,1.05380,3430613.9375
13.08.2007,01:00:00,1.05380,1.08650,1.04840,1.06210,4699345.543
20.08.2007,01:00:00,1.06210,1.06650,1.04725,1.04970,3586103.0625
27.08.2007,01:00:00,1.04970,1.06770,1.04700,1.05448,3492870.25
03.09.2007,01:00:00,1.05470,1.05820,1.04780,1.05630,2391902.9414
10.09.2007,01:00:00,1.05630,1.05910,1.02770,1.03090,3118783.0508999997
17.09.2007,01:00:00,1.03090,1.03110,0.99315,0.99821,2022471.3321999998
24.09.2007,01:00:00,0.99860,1.00945,0.99105,0.99230,2042714.3633999997
01.10.2007,01:00:00,0.99240,1.00155,0.97860,0.98140,2387127.8808999998
08.10.2007,01:00:00,0.98160,0.98950,0.96989,0.97280,2274682.3398
15.10.2007,01:00:00,0.97280,0.98210,0.96320,0.96810,2815658.1836
22.10.2007,01:00:00,0.96810,0.98245,0.95900,0.96100,6399067.6484
29.10.2007,00:00:00,0.96100,0.96275,0.93227,0.93590,4570605.3125
05.11.2007,00:00:00,0.93590,0.94870,0.90570,0.94470,2477069.6056
12.11.2007,00:00:00,0.94470,0.98870,0.94330,0.97505,2691181.2734
19.11.2007,00:00:00,0.97505,0.99240,0.97035,0.98555,1717122.5196
26.11.2007,00:00:00,0.98555,1.00185,0.97990,0.99855,5473952.2109
03.12.2007,00:00:00,0.99850,1.02150,0.99750,1.00565,1537582.6875
10.12.2007,00:00:00,1.00565,1.02485,1.00050,1.01805,2368528.8477
17.12.2007,00:00:00,1.01820,1.02275,0.99070,0.99210,1452170.2998999998
24.12.2007,00:00:00,0.99220,0.99340,0.97555,0.98040,945757.1484999999
31.12.2007,00:00:00,0.98040,1.00408,0.97569,1.00000,658365.7969
07.01.2008,00:00:00,1.00000,1.02215,0.99660,1.01890,2196763.6719
14.01.2008,00:00:00,1.01890,1.03080,1.01240,1.02730,3151402.6016
21.01.2008,00:00:00,1.02720,1.03790,1.00125,1.00865,3091470.8438
28.01.2008,00:00:00,1.00870,1.01180,0.98700,0.99515,1795521.9123
04.02.2008,00:00:00,0.99515,1.01280,0.99215,0.99960,1260516.4366
11.02.2008,00:00:00,0.99960,1.01120,0.99195,1.00835,330760.13090000005
18.02.2008,00:00:00,1.00835,1.01970,1.00180,1.01185,849152.6689
25.02.2008,00:00:00,1.01185,1.01215,0.97110,0.98400,2369365.9805
03.03.2008,00:00:00,0.98400,0.99765,0.97365,0.98950,2904229.6017
10.03.2008,00:00:00,0.98950,0.99825,0.97960,0.98880,2706733.9142
17.03.2008,00:00:00,0.98880,1.02940,0.98620,1.02540,3720742.9375
24.03.2008,00:00:00,1.02540,1.03085,1.00940,1.02275,2652979.2266
31.03.2008,01:00:00,1.02275,1.03260,1.00185,1.00740,3309359.4376
07.04.2008,01:00:00,1.00740,1.02718,1.00395,1.02420,1752887.3477
14.04.2008,01:00:00,1.02420,1.02730,0.99875,1.00590,536567.6270000001
21.04.2008,01:00:00,1.00590,1.02145,0.99970,1.01010,417324.3945
28.04.2008,01:00:00,1.01010,1.02430,1.00370,1.01920,270297.8344
05.05.2008,01:00:00,1.01930,1.01940,0.99980,1.00615,414848.8097
12.05.2008,01:00:00,1.00615,1.01070,0.99430,0.99960,175501.4463
19.05.2008,01:00:00,0.99960,1.00000,0.98190,0.98713,210591.1055
26.05.2008,01:00:00,0.98730,0.99785,0.98240,0.99500,308087.86040000006
02.06.2008,01:00:00,0.99500,1.02190,0.99275,1.01760,227188.46880000003
09.06.2008,01:00:00,1.01740,1.03230,1.01500,1.02910,396454.72849999997
16.06.2008,01:00:00,1.02910,1.02980,1.01000,1.01370,745009.5274
23.06.2008,01:00:00,1.01370,1.01915,1.00480,1.00962,556823.5127
30.06.2008,01:00:00,1.00931,1.02400,1.00615,1.01790,701896.4970999999
07.07.2008,01:00:00,1.01790,1.02320,1.00654,1.00861,647588.8984000001
14.07.2008,01:00:00,1.00850,1.01390,0.99740,1.00640,569989.0015999998
21.07.2008,01:00:00,1.00640,1.02070,0.99910,1.01925,507673.28609999997
28.07.2008,01:00:00,1.01950,1.02970,1.01730,1.02810,561352.0021
04.08.2008,01:00:00,1.02810,1.06955,1.02601,1.06715,774452.0986
11.08.2008,01:00:00,1.06710,1.07280,1.05625,1.05893,578463.039
18.08.2008,01:00:00,1.05890,1.06680,1.04190,1.04670,596657.7784
25.08.2008,01:00:00,1.04670,1.06495,1.04110,1.06200,543429.7437999999
01.09.2008,01:00:00,1.06200,1.07760,1.05420,1.05900,633735.5059000001
08.09.2008,01:00:00,1.05900,1.08205,1.05492,1.06240,775026.918
15.09.2008,01:00:00,1.06240,1.08080,1.04300,1.04770,566224.9903
22.09.2008,01:00:00,1.04775,1.05140,1.02965,1.03420,271302.8467
29.09.2008,01:00:00,1.03430,1.08520,1.03345,1.08490,316690.168
06.10.2008,01:00:00,1.08490,1.21205,1.08305,1.16835,7254562.6641
13.10.2008,01:00:00,1.16855,1.19940,1.12940,1.18320,11073280.9375
20.10.2008,01:00:00,1.18320,1.28390,1.17400,1.27260,7726709.3906
27.10.2008,00:00:00,1.27260,1.30140,1.18970,1.20970,1203212.1768
03.11.2008,00:00:00,1.20935,1.21065,1.14620,1.18165,508315.2331
10.11.2008,00:00:00,1.18235,1.24450,1.16555,1.24170,348023.8149
17.11.2008,00:00:00,1.24170,1.29820,1.21085,1.26685,387749.90489999996
24.11.2008,00:00:00,1.26690,1.27709,1.21240,1.24150,546310.2095
01.12.2008,00:00:00,1.24160,1.30055,1.23005,1.27350,541756.0611
08.12.2008,00:00:00,1.27350,1.27435,1.21555,1.24300,395103.0234
15.12.2008,00:00:00,1.24300,1.24385,1.18175,1.21530,418081.8424
22.12.2008,00:00:00,1.21570,1.22510,1.19840,1.21485,350129.0361
29.12.2008,00:00:00,1.21490,1.23680,1.20334,1.20780,389301.6016
05.01.2009,00:00:00,1.20780,1.22255,1.17590,1.19010,483704.4795
12.01.2009,00:00:00,1.19025,1.26720,1.18759,1.23835,666728.5264000001
19.01.2009,00:00:00,1.23840,1.27645,1.22645,1.23725,588427.3828
26.01.2009,00:00:00,1.23725,1.24155,1.20240,1.22775,623299.2798
02.02.2009,00:00:00,1.22795,1.25385,1.21765,1.22215,622255.4864
09.02.2009,00:00:00,1.22205,1.25470,1.21235,1.24126,711817.8359999999
16.02.2009,00:00:00,1.24180,1.26715,1.23950,1.25195,700147.6924
23.02.2009,00:00:00,1.25175,1.27925,1.23495,1.27895,469424.56549999997
02.03.2009,00:00:00,1.27905,1.29735,1.27105,1.28215,460508.05120000005
09.03.2009,00:00:00,1.28225,1.30635,1.26245,1.27635,471226.2359
16.03.2009,00:00:00,1.27630,1.27690,1.21900,1.23760,628220.3282000001
23.03.2009,00:00:00,1.23765,1.24450,1.21958,1.23995,954989.3068000001
30.03.2009,01:00:00,1.23995,1.27135,1.22603,1.22625,1071653.0782
06.04.2009,01:00:00,1.22640,1.24840,1.22100,1.22681,890942.0313
13.04.2009,01:00:00,1.22680,1.22995,1.19815,1.21535,697605.0576000001
20.04.2009,01:00:00,1.21535,1.25060,1.20720,1.21280,802098.7559
27.04.2009,01:00:00,1.21290,1.22655,1.18300,1.18423,1125737.5753000001
04.05.2009,01:00:00,1.18397,1.19000,1.14863,1.14960,936272.0724000001
11.05.2009,01:00:00,1.14995,1.18065,1.14732,1.17930,788849.4249000001
18.05.2009,01:00:00,1.17930,1.18130,1.11797,1.12075,791742.3110000001
25.05.2009,01:00:00,1.12075,1.13555,1.08856,1.09230,1121816.8096
01.06.2009,01:00:00,1.09230,1.12085,1.07840,1.11820,1438933.9922
08.06.2009,01:00:00,1.11820,1.12905,1.09390,1.12035,1185049.4960999999
15.06.2009,01:00:00,1.12024,1.14462,1.11826,1.13500,401640.50379999995
22.06.2009,01:00:00,1.13500,1.16365,1.13475,1.15300,723309.3321
29.06.2009,01:00:00,1.15295,1.16535,1.14370,1.16115,781395.8790000001
06.07.2009,01:00:00,1.16095,1.17240,1.15425,1.16050,1557926.926
13.07.2009,01:00:00,1.16050,1.16705,1.11155,1.11300,1715283.9922999998
20.07.2009,01:00:00,1.11300,1.11340,1.07935,1.08730,1436791.1817999997
27.07.2009,01:00:00,1.08730,1.09335,1.07495,1.07575,1643859.2931
03.08.2009,01:00:00,1.07580,1.08665,1.06310,1.08400,1421891.2461999997
10.08.2009,01:00:00,1.08400,1.10755,1.07930,1.10040,664143.5136999999
17.08.2009,01:00:00,1.10055,1.11250,1.07615,1.08040,616024.9278
24.08.2009,01:00:00,1.08040,1.10205,1.07185,1.09160,755009.6973000001
31.08.2009,01:00:00,1.09155,1.11020,1.08230,1.08465,718896.9551000001
07.09.2009,01:00:00,1.08465,1.08795,1.06740,1.07865,661207.2247
14.09.2009,01:00:00,1.07865,1.09265,1.05900,1.06905,828777.3165000001
21.09.2009,01:00:00,1.06900,1.09825,1.06588,1.09325,1077901.8165000002
28.09.2009,01:00:00,1.09315,1.09910,1.06710,1.07960,1227894.297
05.10.2009,01:00:00,1.07960,1.07975,1.04028,1.04180,1308551.0078999999
12.10.2009,01:00:00,1.04180,1.04510,1.02009,1.03825,1241152.3085999999
19.10.2009,01:00:00,1.03820,1.05825,1.02650,1.05325,1412310.1953999999
26.10.2009,00:00:00,1.05325,1.08675,1.05005,1.08285,1307377.3068
02.11.2009,00:00:00,1.08285,1.08525,1.05940,1.07410,1438139.0821
09.11.2009,00:00:00,1.07410,1.07465,1.04145,1.04905,1287251.5587
16.11.2009,00:00:00,1.04885,1.07325,1.04255,1.06925,966739.9220000001
23.11.2009,00:00:00,1.06930,1.07490,1.04463,1.05955,784599.3467
30.11.2009,00:00:00,1.05935,1.06135,1.04055,1.05625,988355.9748
07.12.2009,00:00:00,1.05625,1.06700,1.04780,1.05870,1067679.1974
14.12.2009,00:00:00,1.05870,1.07460,1.05520,1.06700,1105826.2715
21.12.2009,00:00:00,1.06700,1.06985,1.04475,1.04815,770812.0967000001
28.12.2009,00:00:00,1.04835,1.05775,1.03650,1.04715,587967.3622000001
04.01.2010,00:00:00,1.04715,1.05165,1.02640,1.02795,992011.4415000001
11.01.2010,00:00:00,1.02795,1.04135,1.02235,1.02930,954695.3458
18.01.2010,00:00:00,1.02930,1.06020,1.02453,1.05655,935200.4063
25.01.2010,00:00:00,1.05635,1.07166,1.05325,1.06805,1051774.7813
01.02.2010,00:00:00,1.06805,1.07800,1.05445,1.07140,996252.4727999999
08.02.2010,00:00:00,1.07145,1.07730,1.04785,1.05075,1215197.4531
15.02.2010,00:00:00,1.05070,1.05320,1.03722,1.03885,811112.1349000001
22.02.2010,00:00:00,1.03885,1.06800,1.03688,1.05120,1045898.9708
01.03.2010,00:00:00,1.05125,1.05725,1.02605,1.02675,913791.0155999999
08.03.2010,00:00:00,1.02675,1.03210,1.01540,1.01655,846787.8634
15.03.2010,00:00:00,1.01660,1.02315,1.00615,1.01675,884072.1124999999
22.03.2010,00:00:00,1.01675,1.03025,1.01455,1.02625,961410.3809
29.03.2010,01:00:00,1.02625,1.02695,1.00660,1.00855,898965.7324
05.04.2010,01:00:00,1.00865,1.01045,0.99770,1.00335,869567.4454
12.04.2010,01:00:00,1.00340,1.01630,0.99520,1.01510,1051481.4816
19.04.2010,01:00:00,1.01510,1.02150,0.99300,0.99970,1162810.8594
26.04.2010,01:00:00,0.99970,1.01965,0.99705,1.01595,1261433.1406999999
03.05.2010,01:00:00,1.01595,1.07400,1.01003,1.03705,1286249.6056
10.05.2010,01:00:00,1.03715,1.03775,1.01100,1.03535,1222008.4883
17.05.2010,01:00:00,1.03530,1.07495,1.02455,1.06270,1394225.2189
24.05.2010,01:00:00,1.06270,1.08525,1.04440,1.05435,1579005.1875
31.05.2010,01:00:00,1.05435,1.06430,1.03335,1.06375,988551.7109000001
07.06.2010,01:00:00,1.06375,1.06790,1.02870,1.02975,1220502.4922999998
14.06.2010,01:00:00,1.02975,1.03610,1.01632,1.01745,915807.4532000001
21.06.2010,01:00:00,1.01745,1.04685,1.01380,1.03535,867983.8164999998
28.06.2010,01:00:00,1.03540,1.06735,1.03205,1.06400,886166.0236000002
05.07.2010,01:00:00,1.06405,1.06760,1.02955,1.03225,840128.3986000001
12.07.2010,01:00:00,1.03225,1.05798,1.02750,1.05770,1009066.8009
19.07.2010,01:00:00,1.05770,1.05860,1.03455,1.03690,987908.6015999999
26.07.2010,01:00:00,1.03685,1.03955,1.02555,1.02900,946865.8164999998
02.08.2010,01:00:00,1.02895,1.03065,1.01065,1.02835,817950.6211
09.08.2010,01:00:00,1.02840,1.04945,1.02565,1.04170,1272209.5586999997
16.08.2010,01:00:00,1.04175,1.05140,1.02475,1.04935,1188086.0313
23.08.2010,01:00:00,1.04940,1.06675,1.04440,1.04925,1159153.5625999998
30.08.2010,01:00:00,1.04925,1.06725,1.03800,1.03880,988621.8281
06.09.2010,01:00:00,1.03885,1.05090,1.02870,1.03200,1061720.8887
13.09.2010,01:00:00,1.03200,1.03500,1.02155,1.03425,1122205.7072
20.09.2010,01:00:00,1.03420,1.03790,1.01910,1.02430,1092658.5810999998
27.09.2010,01:00:00,1.02430,1.03615,1.01846,1.01945,1210160.3379
04.10.2010,01:00:00,1.01945,1.02725,1.00615,1.00930,1006731.2930000001
11.10.2010,01:00:00,1.00930,1.01820,0.99800,1.01365,1128899.4416000003
18.10.2010,01:00:00,1.01365,1.03735,1.01345,1.02542,1242356.496
25.10.2010,01:00:00,1.02542,1.03385,1.01539,1.01814,515988.19930000004
01.11.2010,00:00:00,1.01823,1.02021,0.99912,0.99989,434363.9063
08.11.2010,00:00:00,0.99989,1.01454,0.99776,1.01055,431750.708
15.11.2010,00:00:00,1.01055,1.02597,1.00567,1.01590,190100.499
22.11.2010,00:00:00,1.01592,1.02631,1.00754,1.01884,177470.70069999996
29.11.2010,00:00:00,1.01883,1.02855,1.00022,1.00269,435647.299
06.12.2010,00:00:00,1.00278,1.01402,1.00113,1.01068,333766.79770000005
13.12.2010,00:00:00,1.01069,1.01462,1.00003,1.01223,398479.3013
20.12.2010,00:00:00,1.01223,1.02078,1.00481,1.01043,301147.27930000005
27.12.2010,00:00:00,1.01043,1.01100,0.99253,0.99289,240790.80769999998
03.01.2011,00:00:00,0.99289,1.00335,0.98880,0.99196,388252.2129
10.01.2011,00:00:00,0.99196,0.99833,0.98482,0.98749,371715.9454
17.01.2011,00:00:00,0.98756,1.00301,0.98371,0.99339,359494.8022
24.01.2011,00:00:00,0.99349,1.00253,0.99114,1.00228,345742.5064000001
31.01.2011,00:00:00,1.00231,1.00577,0.98313,0.98771,413789.8692
07.02.2011,00:00:00,0.98771,0.99866,0.98575,0.98714,377868.1454999999
14.02.2011,00:00:00,0.98714,0.99022,0.98155,0.98519,374786.23079999996
21.02.2011,00:00:00,0.98520,0.99589,0.97699,0.97768,427027.91610000003
28.02.2011,00:00:00,0.97769,0.97886,0.96831,0.97187,395389.0947999999
07.03.2011,00:00:00,0.97187,0.98017,0.96672,0.97378,410513.80179999996
14.03.2011,00:00:00,0.97379,0.99739,0.97102,0.98367,602225.5938
21.03.2011,00:00:00,0.98364,0.98444,0.97308,0.98147,414132.8769
28.03.2011,01:00:00,0.98147,0.98205,0.96249,0.96321,395959.79910000006
04.04.2011,01:00:00,0.96318,0.96923,0.95260,0.95507,392141.07950000005
11.04.2011,01:00:00,0.95509,0.96685,0.95422,0.95998,443197.5879
18.04.2011,01:00:00,0.95998,0.97209,0.94538,0.95239,402291.4165
25.04.2011,01:00:00,0.95237,0.95753,0.94400,0.94569,392539.3477
02.05.2011,01:00:00,0.94564,0.97123,0.94470,0.96315,584596.3018
09.05.2011,01:00:00,0.96316,0.97436,0.95128,0.97011,587742.9474000001
16.05.2011,01:00:00,0.97011,0.97927,0.96406,0.97386,630888.3535999999
23.05.2011,01:00:00,0.97386,0.98156,0.97361,0.97679,569585.0626
30.05.2011,01:00:00,0.97679,0.98514,0.96544,0.97681,500042.9960000001
06.06.2011,01:00:00,0.97682,0.98205,0.97117,0.97946,572550.0383
13.06.2011,01:00:00,0.97946,0.98975,0.96696,0.98155,603110.6328
20.06.2011,01:00:00,0.98157,0.98934,0.97000,0.98910,591905.5100000001
27.06.2011,01:00:00,0.98910,0.99122,0.95793,0.95850,552865.8501
04.07.2011,01:00:00,0.95850,0.96940,0.95634,0.96291,397225.20029999997
11.07.2011,01:00:00,0.96290,0.97780,0.95198,0.95440,612392.7588000001
18.07.2011,01:00:00,0.95439,0.96347,0.94228,0.95130,535819.8448
25.07.2011,01:00:00,0.95130,0.95896,0.94061,0.95178,507521.2501
01.08.2011,01:00:00,0.95178,0.98639,0.94910,0.98353,701738.5352
08.08.2011,01:00:00,0.98349,1.00096,0.97653,0.98825,899668.8486000001
15.08.2011,01:00:00,0.98822,0.99378,0.97745,0.99033,586828.876
22.08.2011,01:00:00,0.99033,0.99234,0.97889,0.98022,617600.2189
29.08.2011,01:00:00,0.98022,0.98722,0.97250,0.98693,510009.23880000005
05.09.2011,01:00:00,0.98699,0.99834,0.98295,0.99817,549684.1613
12.09.2011,01:00:00,0.99817,1.00260,0.97628,0.98242,705703.1338
19.09.2011,01:00:00,0.98240,1.03607,0.98058,1.02725,759563.5967999999
26.09.2011,01:00:00,1.02723,1.05048,1.01435,1.04737,775511.7597
03.10.2011,01:00:00,1.04738,1.06569,1.02342,1.03589,762165.1427
10.10.2011,01:00:00,1.03588,1.03701,1.00906,1.01047,640977.3964
17.10.2011,01:00:00,1.01046,1.02634,1.00433,1.00806,712340.3448000001
24.10.2011,01:00:00,1.00806,1.02121,0.98915,0.99377,736663.6742
31.10.2011,00:00:00,0.99377,1.02279,0.99226,1.01673,814523.2266
07.11.2011,00:00:00,1.01674,1.02652,1.00761,1.00958,688543.9512000001
14.11.2011,00:00:00,1.00956,1.03015,1.00909,1.02764,766675.4961
21.11.2011,00:00:00,1.02764,1.05231,1.02764,1.04107,718389.3283
28.11.2011,00:00:00,1.04107,1.04307,1.00791,1.01718,730034.3701000002
05.12.2011,00:00:00,1.01718,1.02621,1.00515,1.01847,702238.6563
12.12.2011,00:00:00,1.01847,1.04232,1.01817,1.03852,764360.4249
19.12.2011,00:00:00,1.03854,1.04144,1.01807,1.02074,719197.3119000001
26.12.2011,00:00:00,1.02074,1.02682,1.01258,1.01792,453993.2208
02.01.2012,00:00:00,1.01781,1.03017,1.00758,1.02899,639117.129
09.01.2012,00:00:00,1.02899,1.03184,1.01394,1.02436,807332.3389999999
16.01.2012,00:00:00,1.02436,1.02524,1.00706,1.01511,812705.4697000001
23.01.2012,00:00:00,1.01512,1.01570,0.99810,1.00130,769455.8175000001
30.01.2012,00:00:00,1.00126,1.00698,0.99240,0.99342,892812.1669999999
06.02.2012,00:00:00,0.99343,1.00383,0.99245,1.00013,781059.6368
13.02.2012,00:00:00,1.00013,1.00509,0.99129,0.99167,778108.7265999999
20.02.2012,00:00:00,0.99165,1.00194,0.99064,0.99967,687946.6133000001
27.02.2012,00:00:00,0.99965,1.00492,0.98417,0.98953,764318.5742
05.03.2012,00:00:00,0.98956,1.00279,0.98722,0.99033,718632.7578999999
12.03.2012,00:00:00,0.99034,0.99486,0.98793,0.99105,692966.3086000001
19.03.2012,00:00:00,0.99106,1.00338,0.98602,0.99658,691075.5654999999
26.03.2012,01:00:00,0.99658,1.00183,0.99001,0.99626,750701.0136999999
02.04.2012,01:00:00,0.99626,0.99975,0.98880,0.99705,647140.8808999999
09.04.2012,01:00:00,0.99702,1.00521,0.99266,0.99913,678997.7032
16.04.2012,01:00:00,0.99914,1.00323,0.98645,0.99305,776995.6124
23.04.2012,01:00:00,0.99306,0.99784,0.97995,0.98098,729896.4141
30.04.2012,01:00:00,0.98098,0.99832,0.98001,0.99818,619670.8868
07.05.2012,01:00:00,0.99818,1.00620,0.99231,1.00045,734120.0474000002
14.05.2012,01:00:00,1.00047,1.02296,0.99896,1.02132,730880.6933
21.05.2012,01:00:00,1.02131,1.03112,1.01517,1.02596,707885.4678
28.05.2012,01:00:00,1.02594,1.04436,1.02067,1.04423,684610.0723
04.06.2012,01:00:00,1.04423,1.04457,1.02100,1.02163,683699.5255
11.06.2012,01:00:00,1.02164,1.03254,1.01939,1.02053,683124.4102
18.06.2012,01:00:00,1.02053,1.02996,1.01592,1.02655,838439.9336000001
25.06.2012,01:00:00,1.02657,1.03623,1.01577,1.01798,839656.4228000001
02.07.2012,01:00:00,1.01798,1.02091,1.01000,1.01972,732624.8896999999
09.07.2012,01:00:00,1.01972,1.02498,1.01260,1.01394,743551.4492
16.07.2012,01:00:00,1.01393,1.01726,1.00654,1.01429,702062.6044999999
23.07.2012,01:00:00,1.01429,1.02311,1.00185,1.00430,794651.6451000001
30.07.2012,01:00:00,1.00432,1.00840,0.99798,1.00052,763270.7212
06.08.2012,01:00:00,1.00050,1.00198,0.99049,0.99160,795550.6593000002
13.08.2012,01:00:00,0.99160,0.99405,0.98597,0.98863,662587.2627999999
20.08.2012,01:00:00,0.98865,0.99480,0.98418,0.99214,620709.129
27.08.2012,01:00:00,0.99214,0.99314,0.98422,0.98627,577315.6495
03.09.2012,01:00:00,0.98627,0.99180,0.97649,0.97830,632467.9667999999
10.09.2012,01:00:00,0.97831,0.97882,0.96328,0.97172,553059.7848
17.09.2012,01:00:00,0.97176,0.98157,0.96929,0.97768,523971.3317
24.09.2012,01:00:00,0.97768,0.98596,0.97560,0.98432,532599.3106
01.10.2012,01:00:00,0.98431,0.98840,0.97346,0.97734,582086.378
08.10.2012,01:00:00,0.97733,0.98346,0.97442,0.98056,585161.5214
15.10.2012,01:00:00,0.98056,0.99481,0.97634,0.99432,586058.1601
22.10.2012,01:00:00,0.99432,0.99947,0.98885,0.99934,610303.1992
29.10.2012,00:00:00,0.99934,1.00187,0.99214,0.99573,441351.74710000004
05.11.2012,00:00:00,0.99574,1.00329,0.98742,1.00007,609267.0361000001
12.11.2012,00:00:00,1.00007,1.00565,0.99845,1.00018,433240.7472
19.11.2012,00:00:00,1.00018,1.00176,0.99149,0.99324,347990.7628
26.11.2012,00:00:00,0.99324,0.99606,0.99055,0.99378,383407.46239999996
03.12.2012,00:00:00,0.99378,0.99538,0.98646,0.98690,389556.7492
10.12.2012,00:00:00,0.98684,0.98878,0.98248,0.98572,347335.8681
17.12.2012,00:00:00,0.98575,0.99528,0.98308,0.99369,327631.21
24.12.2012,00:00:00,0.99363,0.99701,0.98966,0.99440,220994.23919999998
31.12.2012,00:00:00,0.99438,0.99703,0.98363,0.98613,282798.29850000003
07.01.2013,00:00:00,0.98612,0.98842,0.98153,0.98444,341701.7481
14.01.2013,00:00:00,0.98444,0.99461,0.98314,0.99211,367459.26759999996
21.01.2013,00:00:00,0.99209,1.00997,0.99033,1.00808,393999.29410000006
28.01.2013,00:00:00,1.00809,1.00997,0.99573,0.99696,361764.96030000004
04.02.2013,00:00:00,0.99696,1.00368,0.99324,1.00368,347915.31600000005
11.02.2013,00:00:00,1.00367,1.00866,0.99993,1.00750,315323.9361
18.02.2013,00:00:00,1.00752,1.02559,1.00570,1.02230,354553.3515
25.02.2013,00:00:00,1.02230,1.03417,1.02160,1.02719,448150.5758
04.03.2013,00:00:00,1.02718,1.03366,1.02340,1.02834,352399.9277
11.03.2013,00:00:00,1.02834,1.02949,1.01805,1.02334,361820.46099999995
18.03.2013,00:00:00,1.02335,1.02837,1.01994,1.02233,376765.2274
25.03.2013,00:00:00,1.02233,1.02322,1.01445,1.01714,330179.33339999994
01.04.2013,01:00:00,1.01714,1.02355,1.01037,1.01700,342781.6607
08.04.2013,01:00:00,1.01700,1.02138,1.00830,1.01474,343698.3028
15.04.2013,01:00:00,1.01475,1.02936,1.01331,1.02570,513439.6855
22.04.2013,01:00:00,1.02572,1.02850,1.01573,1.01640,430430.1841000001
29.04.2013,01:00:00,1.01640,1.01683,1.00508,1.00827,355755.3821
06.05.2013,01:00:00,1.00829,1.01522,1.00133,1.01215,363093.9345
13.05.2013,01:00:00,1.01215,1.03124,1.00815,1.02829,443379.5853
20.05.2013,01:00:00,1.02831,1.03926,1.02165,1.03195,511029.5585000001
27.05.2013,01:00:00,1.03197,1.04205,1.02941,1.03592,470809.8613
03.06.2013,01:00:00,1.03591,1.03796,1.01657,1.02088,589039.0541000001
10.06.2013,01:00:00,1.02088,1.02508,1.01367,1.01598,547147.919
17.06.2013,01:00:00,1.01598,1.04881,1.01496,1.04796,484744.33219999995
24.06.2013,01:00:00,1.04796,1.05556,1.04241,1.05216,568859.0772999999
01.07.2013,01:00:00,1.05216,1.06086,1.04716,1.05781,449518.86600000004
08.07.2013,01:00:00,1.05781,1.05850,1.03254,1.03884,476711.08449999994
15.07.2013,01:00:00,1.03884,1.04418,1.03542,1.03545,454584.8437
22.07.2013,01:00:00,1.03542,1.03630,1.02550,1.02692,412118.3453
29.07.2013,01:00:00,1.02692,1.04020,1.02451,1.03881,666245.2979000001
05.08.2013,01:00:00,1.03879,1.04449,1.02749,1.02857,373908.23919999995
12.08.2013,01:00:00,1.02856,1.03691,1.02802,1.03333,362021.3283
19.08.2013,01:00:00,1.03333,1.05679,1.03155,1.05042,409735.59719999996
26.08.2013,01:00:00,1.05042,1.05576,1.04709,1.05364,332298.27839999995
02.09.2013,01:00:00,1.05364,1.05592,1.03812,1.04133,322937.2028
09.09.2013,01:00:00,1.04133,1.04136,1.03040,1.03121,284809.1895
16.09.2013,01:00:00,1.03123,1.03343,1.01822,1.02985,319293.2919
23.09.2013,01:00:00,1.02985,1.03401,1.02690,1.03130,225192.5544
30.09.2013,01:00:00,1.03133,1.03563,1.02750,1.02989,297773.96209999995
07.10.2013,01:00:00,1.02989,1.04193,1.02962,1.03645,262793.51220000006
14.10.2013,01:00:00,1.03647,1.03908,1.02770,1.02951,240030.75169999996
21.10.2013,01:00:00,1.02951,1.04603,1.02710,1.04421,271213.8566
28.10.2013,00:00:00,1.04420,1.04962,1.04114,1.04164,274127.57019999996
04.11.2013,00:00:00,1.04164,1.05028,1.03978,1.04843,284993.5649
11.11.2013,00:00:00,1.04843,1.05254,1.04347,1.04388,294597.58009999996
18.11.2013,00:00:00,1.04390,1.05685,1.04146,1.05471,362127.6977
25.11.2013,00:00:00,1.05471,1.06280,1.05197,1.06230,331563.3496
02.12.2013,00:00:00,1.06230,1.07070,1.06136,1.06547,361626.1571
09.12.2013,00:00:00,1.06547,1.06696,1.05605,1.05889,220939.0309
16.12.2013,00:00:00,1.05889,1.07369,1.05724,1.06426,302599.984
23.12.2013,00:00:00,1.06424,1.07183,1.05813,1.07064,160343.7874
30.12.2013,00:00:00,1.07071,1.07272,1.05882,1.06317,182643.1615
06.01.2014,00:00:00,1.06318,1.09456,1.06087,1.09057,307575.8432
13.01.2014,00:00:00,1.09058,1.09909,1.08426,1.09662,289323.7511
20.01.2014,00:00:00,1.09661,1.11732,1.09294,1.10624,331137.57050000003
27.01.2014,00:00:00,1.10624,1.12243,1.10312,1.11238,317750.4381
03.02.2014,00:00:00,1.11239,1.11333,1.09674,1.10381,294382.3155
10.02.2014,00:00:00,1.10381,1.10903,1.09400,1.09734,226101.10890000002
17.02.2014,00:00:00,1.09734,1.11928,1.09101,1.11126,244561.7005
24.02.2014,00:00:00,1.11124,1.11597,1.10402,1.10634,232563.7306
03.03.2014,00:00:00,1.10634,1.11176,1.09551,1.10887,250963.83690000002
10.03.2014,00:00:00,1.10886,1.11536,1.10432,1.10955,258370.9603
17.03.2014,00:00:00,1.10955,1.12781,1.10252,1.12262,284879.16300000006
24.03.2014,00:00:00,1.12262,1.12463,1.10005,1.10508,282107.9275
31.03.2014,01:00:00,1.10508,1.10696,1.09569,1.09802,233602.65840000001
07.04.2014,01:00:00,1.09801,1.10094,1.08578,1.09753,287217.6622
14.04.2014,01:00:00,1.09752,1.10334,1.09422,1.10214,232727.8328
21.04.2014,01:00:00,1.10208,1.10531,1.10004,1.10352,197677.121
28.04.2014,01:00:00,1.10352,1.10394,1.09360,1.09768,262552.309
05.05.2014,01:00:00,1.09768,1.09888,1.08139,1.08993,251753.78910000002
12.05.2014,01:00:00,1.08992,1.09260,1.08518,1.08649,245049.3078
19.05.2014,01:00:00,1.08650,1.09415,1.08500,1.08708,236386.9775
26.05.2014,01:00:00,1.08708,1.08862,1.08221,1.08443,226617.8306
02.06.2014,01:00:00,1.08440,1.09602,1.08425,1.09351,309518.6707
09.06.2014,01:00:00,1.09351,1.09407,1.08414,1.08586,301188.56029999995
16.06.2014,01:00:00,1.08586,1.08929,1.07515,1.07527,269705.3481
23.06.2014,01:00:00,1.07525,1.07534,1.06596,1.06666,219300.4966
30.06.2014,01:00:00,1.06665,1.06964,1.06203,1.06525,257529.5774
07.07.2014,01:00:00,1.06529,1.07364,1.06305,1.07284,296764.17230000003
14.07.2014,01:00:00,1.07284,1.07937,1.07081,1.07390,314343.32509999996
21.07.2014,01:00:00,1.07390,1.08208,1.07099,1.08113,242968.9222
28.07.2014,01:00:00,1.08113,1.09435,1.07959,1.09228,368449.0813
04.08.2014,01:00:00,1.09228,1.09857,1.09033,1.09714,293102.7401
11.08.2014,01:00:00,1.09714,1.09770,1.08602,1.08931,257971.5906
18.08.2014,01:00:00,1.08932,1.09862,1.08750,1.09685,273468.4116
25.08.2014,01:00:00,1.09685,1.09973,1.08105,1.08769,257780.4106
01.09.2014,01:00:00,1.08769,1.09425,1.08206,1.08866,271084.7011
08.09.2014,01:00:00,1.08866,1.10975,1.08835,1.10881,462817.27729999996
15.09.2014,01:00:00,1.10880,1.10986,1.08865,1.09476,382682.9191
22.09.2014,01:00:00,1.09476,1.11687,1.09260,1.11645,331561.3707
29.09.2014,01:00:00,1.11649,1.12700,1.10711,1.12604,396102.2124
06.10.2014,01:00:00,1.12604,1.12611,1.10817,1.11875,422940.8077
13.10.2014,01:00:00,1.11875,1.13851,1.11818,1.12896,478079.8268
20.10.2014,01:00:00,1.12898,1.12963,1.11838,1.12378,347317.5713
27.10.2014,00:00:00,1.12378,1.13322,1.11218,1.12874,376168.93950000004
03.11.2014,00:00:00,1.12873,1.14661,1.12632,1.13287,491199.43059999996
10.11.2014,00:00:00,1.13286,1.14014,1.12639,1.12890,409435.711
17.11.2014,00:00:00,1.12890,1.13690,1.11906,1.12313,436525.6623000001
24.11.2014,00:00:00,1.12313,1.14563,1.12242,1.14529,401354.57670000003
01.12.2014,00:00:00,1.14529,1.14756,1.13130,1.14455,476822.0201
08.12.2014,00:00:00,1.14454,1.15909,1.13970,1.15644,545795.7979
15.12.2014,00:00:00,1.15643,1.16730,1.15479,1.16100,571474.0865999999
22.12.2014,00:00:00,1.16101,1.16667,1.15779,1.16319,241541.7046
29.12.2014,00:00:00,1.16321,1.18418,1.15645,1.17929,264998.56240000005
05.01.2015,00:00:00,1.17926,1.18897,1.17302,1.18438,437612.66790000006
12.01.2015,00:00:00,1.18436,1.20462,1.18023,1.19699,569057.4019
19.01.2015,00:00:00,1.19698,1.24599,1.19336,1.24590,560824.7368000001
26.01.2015,00:00:00,1.24590,1.27993,1.23795,1.26889,474550.98880000005
02.02.2015,00:00:00,1.26889,1.27726,1.23516,1.25178,573331.2062
09.02.2015,00:00:00,1.25170,1.26973,1.24221,1.24540,501511.1387
16.02.2015,00:00:00,1.24537,1.25643,1.23619,1.25337,478418.6158
23.02.2015,00:00:00,1.25338,1.26629,1.23871,1.25149,584442.8248
02.03.2015,00:00:00,1.25149,1.26264,1.24063,1.26040,491393.34329999995
09.03.2015,00:00:00,1.26039,1.28231,1.25727,1.28169,653813.0518
16.03.2015,00:00:00,1.28168,1.28345,1.24475,1.25833,631070.3525
23.03.2015,00:00:00,1.25832,1.26202,1.24098,1.26099,652324.4073000001
30.03.2015,01:00:00,1.26097,1.27834,1.24290,1.24771,611347.8897
06.04.2015,01:00:00,1.24771,1.26666,1.23874,1.25750,570225.127
13.04.2015,01:00:00,1.25748,1.26455,1.20876,1.22112,642501.0661
20.04.2015,01:00:00,1.22113,1.23055,1.21025,1.21716,546235.3555000001
27.04.2015,01:00:00,1.21715,1.22049,1.19444,1.21624,553212.4069000001
04.05.2015,01:00:00,1.21623,1.21805,1.19396,1.20897,493499.99799999996
11.05.2015,01:00:00,1.20896,1.21444,1.19196,1.20145,504992.8355
18.05.2015,01:00:00,1.20147,1.23220,1.20141,1.22952,472767.76060000004
25.05.2015,01:00:00,1.22950,1.25379,1.22755,1.24580,427931.179
01.06.2015,01:00:00,1.24582,1.25630,1.23671,1.24616,517327.25789999997
08.06.2015,01:00:00,1.24615,1.24724,1.22018,1.23120,501832.04219999997
15.06.2015,01:00:00,1.23119,1.23607,1.21273,1.22761,402726.3536000001
22.06.2015,01:00:00,1.22760,1.24226,1.22179,1.23523,387187.31869999995
29.06.2015,01:00:00,1.23521,1.26330,1.23032,1.26128,443192.10360000003
06.07.2015,01:00:00,1.26122,1.27794,1.25627,1.26969,539162.6372
13.07.2015,01:00:00,1.26970,1.30072,1.26801,1.29875,551239.1281000001
20.07.2015,01:00:00,1.29876,1.31027,1.29166,1.30415,531155.5279
27.07.2015,01:00:00,1.30414,1.31267,1.28608,1.31247,595142.5537999999
03.08.2015,01:00:00,1.31244,1.32129,1.30482,1.31468,637546.8681000001
10.08.2015,01:00:00,1.31468,1.31816,1.29517,1.31002,606453.7224999999
17.08.2015,01:00:00,1.30998,1.32370,1.30240,1.32195,531805.4406
24.08.2015,01:00:00,1.32195,1.33532,1.31438,1.32417,658745.7558
31.08.2015,01:00:00,1.32416,1.33261,1.31164,1.32762,595935.5689000001
07.09.2015,01:00:00,1.32762,1.33097,1.31545,1.32458,500622.31950000004
14.09.2015,01:00:00,1.32455,1.32797,1.30120,1.32192,508996.7794
21.09.2015,01:00:00,1.32194,1.34162,1.31761,1.33357,473559.1678
28.09.2015,01:00:00,1.33356,1.34571,1.31455,1.31714,501152.31549999997
05.10.2015,01:00:00,1.31716,1.31739,1.29006,1.29524,557914.9517
12.10.2015,01:00:00,1.29523,1.30800,1.28319,1.29169,558002.0049999999
19.10.2015,01:00:00,1.29168,1.31976,1.29013,1.31722,518335.93950000004
26.10.2015,00:00:00,1.31721,1.32795,1.30553,1.30755,536380.8838
02.11.2015,00:00:00,1.30753,1.33174,1.30378,1.32971,538707.3843
09.11.2015,00:00:00,1.32971,1.33492,1.32245,1.33179,509697.4767
16.11.2015,00:00:00,1.33179,1.33706,1.32463,1.33568,569866.0102
23.11.2015,00:00:00,1.33569,1.34356,1.32795,1.33676,528323.6358
30.11.2015,00:00:00,1.33675,1.34158,1.32930,1.33898,713927.4589999999
07.12.2015,00:00:00,1.33898,1.37573,1.33842,1.37376,658355.9735
14.12.2015,00:00:00,1.37376,1.40012,1.36729,1.39423,709497.998
21.12.2015,00:00:00,1.39420,1.39933,1.38106,1.38381,366164.45920000004
28.12.2015,00:00:00,1.38380,1.39397,1.38139,1.38739,327983.31700000004
04.01.2016,00:00:00,1.38736,1.41872,1.38493,1.41834,709488.8424000001
11.01.2016,00:00:00,1.41832,1.46029,1.40648,1.45799,814092.8482000001
18.01.2016,00:00:00,1.45798,1.46898,1.41145,1.41430,949048.4176
25.01.2016,00:00:00,1.41438,1.43253,1.39474,1.39730,951798.0958
01.02.2016,00:00:00,1.39734,1.41019,1.36389,1.38849,958423.2257000001
08.02.2016,00:00:00,1.38849,1.40157,1.37859,1.38373,1038515.025
15.02.2016,00:00:00,1.38371,1.39113,1.36532,1.37890,839388.2681
22.02.2016,00:00:00,1.37890,1.38589,1.35049,1.35503,840596.7329
29.02.2016,00:00:00,1.35504,1.35869,1.33113,1.33354,795631.7921
07.03.2016,00:00:00,1.33354,1.34462,1.31672,1.32367,775862.1299999999
14.03.2016,00:00:00,1.32367,1.34053,1.29229,1.30475,804493.0976999999
21.03.2016,00:00:00,1.30474,1.32958,1.30211,1.32722,671417.0746
28.03.2016,01:00:00,1.32723,1.32844,1.28570,1.30378,793933.9722000001
04.04.2016,01:00:00,1.30375,1.32186,1.29519,1.29788,783624.7130999999
11.04.2016,01:00:00,1.29788,1.30156,1.27441,1.29772,830831.1856
18.04.2016,01:00:00,1.29774,1.29894,1.25927,1.26697,850776.7744000001
25.04.2016,01:00:00,1.26696,1.27169,1.24979,1.25414,846712.1523000001
02.05.2016,01:00:00,1.25414,1.29517,1.24607,1.29316,775378.5264000001
09.05.2016,01:00:00,1.29316,1.30147,1.27714,1.29551,712401.5088000001
16.05.2016,01:00:00,1.29553,1.31618,1.28372,1.31252,675834.2278
23.05.2016,01:00:00,1.31252,1.31878,1.29108,1.30484,627351.7842000001
30.05.2016,01:00:00,1.30485,1.31438,1.29147,1.29572,676891.7495
06.06.2016,01:00:00,1.29572,1.29821,1.26545,1.27790,683289.5963
13.06.2016,01:00:00,1.27789,1.30855,1.27497,1.28495,750303.1421
20.06.2016,01:00:00,1.28491,1.30988,1.26776,1.30249,761423.7148000001
27.06.2016,01:00:00,1.30245,1.31201,1.28651,1.29121,785293.9509
04.07.2016,01:00:00,1.29121,1.30902,1.28313,1.30494,792900.4604999999
11.07.2016,01:00:00,1.30489,1.31394,1.28609,1.29562,797596.9625
18.07.2016,01:00:00,1.29563,1.31849,1.29267,1.31360,1719933.9181000001
25.07.2016,01:00:00,1.31360,1.32521,1.30015,1.30596,2608428.1523
01.08.2016,01:00:00,1.30595,1.32001,1.29958,1.31824,2269461.71
08.08.2016,01:00:00,1.31825,1.31897,1.29240,1.29589,1911528.3536
15.08.2016,01:00:00,1.29589,1.29753,1.27636,1.28897,1895348.2130999998
22.08.2016,01:00:00,1.28897,1.30169,1.28308,1.30163,2266610.7355
29.08.2016,01:00:00,1.30163,1.31476,1.29810,1.29948,2452591.8965999996
05.09.2016,01:00:00,1.29948,1.30661,1.28223,1.30487,2193200.5313999997
12.09.2016,01:00:00,1.30487,1.32479,1.30293,1.32001,2673399.4561
19.09.2016,01:00:00,1.32001,1.32428,1.29999,1.31511,2955180.5547
26.09.2016,01:00:00,1.31510,1.32806,1.30479,1.31311,3450837.6055
03.10.2016,01:00:00,1.31310,1.33131,1.30677,1.32481,2908285.5683999998
10.10.2016,01:00:00,1.32482,1.33066,1.31028,1.31421,2686730.6241
17.10.2016,01:00:00,1.31421,1.33549,1.30056,1.33520,2244498.0254
24.10.2016,01:00:00,1.33514,1.34332,1.32771,1.34050,895068.8131
31.10.2016,00:00:00,1.34050,1.34643,1.33431,1.33594,869728.3188000001
07.11.2016,00:00:00,1.33594,1.35480,1.32640,1.35258,1090733.0446
14.11.2016,00:00:00,1.35257,1.35883,1.33997,1.35083,1017285.6420999999
21.11.2016,00:00:00,1.35081,1.35372,1.33778,1.35196,798939.6372000001
28.11.2016,00:00:00,1.35196,1.35223,1.32545,1.33259,880164.9191
05.12.2016,00:00:00,1.33256,1.33483,1.31141,1.31314,670118.8081
12.12.2016,00:00:00,1.31314,1.34171,1.30810,1.33400,891972.6533
19.12.2016,00:00:00,1.33401,1.35567,1.33172,1.35176,659448.6284
26.12.2016,00:00:00,1.35176,1.35982,1.34013,1.34379,573223.9015000002
02.01.2017,00:00:00,1.34255,1.34606,1.31772,1.32398,847266.5811000001
09.01.2017,00:00:00,1.32398,1.32940,1.30296,1.31275,949057.2383000001
16.01.2017,00:00:00,1.31275,1.33873,1.30187,1.33033,974496.9981
23.01.2017,00:00:00,1.33032,1.33346,1.30531,1.31296,909379.2833
30.01.2017,00:00:00,1.31296,1.31691,1.29687,1.30188,924991.4756
06.02.2017,00:00:00,1.30187,1.32122,1.30072,1.31179,806266.4156
13.02.2017,00:00:00,1.31179,1.31264,1.30095,1.30892,719598.7163999999
20.02.2017,00:00:00,1.30890,1.32096,1.30566,1.31197,574625.0446
27.02.2017,00:00:00,1.31197,1.34370,1.30833,1.33819,752564.2095000001
06.03.2017,00:00:00,1.33819,1.35348,1.33720,1.34597,731506.026
13.03.2017,00:00:00,1.34597,1.34950,1.32763,1.33342,707399.194
20.03.2017,00:00:00,1.33341,1.34092,1.32640,1.33292,676795.3295000001
27.03.2017,01:00:00,1.33292,1.34142,1.32773,1.33264,574496.7431000001
03.04.2017,01:00:00,1.33264,1.34555,1.33095,1.34075,602280.5412
10.04.2017,01:00:00,1.34076,1.34259,1.32231,1.33132,561764.3384
17.04.2017,01:00:00,1.33134,1.35251,1.32620,1.34842,593693.5431
24.04.2017,01:00:00,1.34842,1.36966,1.34108,1.36412,704371.9952
01.05.2017,01:00:00,1.36411,1.37930,1.36390,1.36694,653479.7543
08.05.2017,01:00:00,1.36695,1.37700,1.36433,1.37177,689043.7217999999
15.05.2017,01:00:00,1.37179,1.37219,1.35073,1.35175,701251.1401999999
22.05.2017,01:00:00,1.35175,1.35407,1.33876,1.34530,610098.1081000001
29.05.2017,01:00:00,1.34531,1.35471,1.34272,1.34986,451045.11230000004
05.06.2017,01:00:00,1.34984,1.35362,1.34224,1.34556,479520.2349
12.06.2017,01:00:00,1.34556,1.34701,1.31647,1.32138,558680.4824999999
19.06.2017,01:00:00,1.32135,1.33473,1.31910,1.32594,490199.28709999996
26.06.2017,01:00:00,1.32590,1.32655,1.29464,1.29757,595664.5333
03.07.2017,01:00:00,1.29757,1.30142,1.28594,1.28817,535030.5717999999
10.07.2017,01:00:00,1.28818,1.29433,1.26396,1.26424,439565.9716
17.07.2017,01:00:00,1.26424,1.27010,1.25219,1.25329,578420.9616
24.07.2017,01:00:00,1.25331,1.25759,1.24136,1.24623,640378.9806000001
31.07.2017,01:00:00,1.24625,1.26675,1.24458,1.26427,619577.4347999999
07.08.2017,01:00:00,1.26427,1.27527,1.26292,1.26734,652390.9228999999
14.08.2017,01:00:00,1.26734,1.27780,1.25568,1.25858,645123.3725
21.08.2017,01:00:00,1.25858,1.26069,1.24656,1.24743,653232.8525
28.08.2017,01:00:00,1.24743,1.26628,1.23399,1.23778,721804.8993
04.09.2017,01:00:00,1.23778,1.24263,1.20611,1.21513,793663.6945
11.09.2017,01:00:00,1.21514,1.22395,1.20819,1.21986,738500.2481
18.09.2017,01:00:00,1.21983,1.23901,1.21712,1.23459,1066749.446
25.09.2017,01:00:00,1.23460,1.25317,1.23126,1.24724,780098.2233000001
02.10.2017,01:00:00,1.24724,1.25991,1.24485,1.25366,662144.1810999999
09.10.2017,01:00:00,1.25366,1.25583,1.24328,1.24787,649624.353
16.10.2017,01:00:00,1.24786,1.26381,1.24504,1.26372,694108.9776000001
23.10.2017,01:00:00,1.26371,1.29166,1.26135,1.28305,689574.4907000001
30.10.2017,00:00:00,1.28305,1.29145,1.27151,1.27617,621129.3085
06.11.2017,00:00:00,1.27616,1.28194,1.26658,1.26928,532858.3253
13.11.2017,00:00:00,1.26928,1.28234,1.26778,1.27935,490369.2012
20.11.2017,00:00:00,1.27936,1.28365,1.26724,1.27155,505555.0923
27.11.2017,00:00:00,1.27155,1.29090,1.26800,1.27188,572581.6603
04.12.2017,00:00:00,1.27188,1.28797,1.26234,1.28612,494158.9001
11.12.2017,00:00:00,1.28612,1.28941,1.27134,1.28752,576985.6949
18.12.2017,00:00:00,1.28751,1.29201,1.26975,1.27126,519336.35440000007
25.12.2017,00:00:00,1.27127,1.27392,1.25146,1.25676,338349.32570000004
01.01.2018,00:00:00,1.25676,1.25676,1.23549,1.23941,489622.9393999999
08.01.2018,00:00:00,1.23942,1.25900,1.23780,1.24609,658819.2785000001
15.01.2018,00:00:00,1.24609,1.25407,1.23638,1.24858,763392.4475999997
22.01.2018,00:00:00,1.24858,1.24963,1.22821,1.23121,775089.5409000001
29.01.2018,00:00:00,1.23120,1.24502,1.22497,1.24340,797221.5508000003
05.02.2018,00:00:00,1.24340,1.26872,1.23972,1.25878,950310.7959
12.02.2018,00:00:00,1.25879,1.26487,1.24502,1.25570,743313.8062
19.02.2018,00:00:00,1.25570,1.27576,1.25272,1.26478,643138.7807999998
26.02.2018,00:00:00,1.26478,1.29156,1.26148,1.28875,696624.7907999987
05.03.2018,00:00:00,1.28874,1.30006,1.28052,1.28124,803038.9200000006
12.03.2018,00:00:00,1.28124,1.30986,1.28029,1.30931,652508.8699999967