29.12.2003,00:00:00,1.25338,1.25467,1.23073,1.23496,1485497.9492999997
05.01.2004,00:00:00,1.23500,1.24844,1.21623,1.21898,1790958.4804999998
12.01.2004,00:00:00,1.21900,1.26952,1.21367,1.26620,1803271.0879999998
19.01.2004,00:00:00,1.26580,1.27220,1.22689,1.24348,1797271.2813999997
26.01.2004,00:00:00,1.24340,1.26592,1.23726,1.25668,1803161.2872
02.02.2004,00:00:00,1.25673,1.26580,1.23031,1.23938,1804267.2384
09.02.2004,00:00:00,1.23909,1.24292,1.22347,1.23816,1817972.4122
16.02.2004,00:00:00,1.23818,1.26434,1.21816,1.26207,1806977.6679999998
23.02.2004,00:00:00,1.26191,1.27549,1.23682,1.25765,1803959.4884999997
01.03.2004,00:00:00,1.25720,1.30736,1.25619,1.27654,1813444.5880999996
08.03.2004,00:00:00,1.27615,1.29220,1.26218,1.27969,1812709.9688999997
15.03.2004,00:00:00,1.28038,1.28574,1.25197,1.27061,1811400.1679999998
22.03.2004,00:00:00,1.27038,1.28883,1.25151,1.28470,1815411.8184
29.03.2004,01:00:00,1.28460,1.29335,1.25942,1.29229,1796607.5567999997
05.04.2004,01:00:00,1.29241,1.30776,1.27088,1.28381,1772485.0938
12.04.2004,01:00:00,1.28358,1.30523,1.28042,1.29048,1824969.1135
19.04.2004,01:00:00,1.29040,1.32041,1.28246,1.31928,1816880.4805999997
26.04.2004,01:00:00,1.31908,1.32235,1.28825,1.29439,1812125.8809999998
03.05.2004,01:00:00,1.29465,1.30432,1.26972,1.30411,1826593.1367999997
10.05.2004,01:00:00,1.30400,1.30878,1.28738,1.29619,1831196.6133
17.05.2004,01:00:00,1.29665,1.29665,1.26934,1.28141,1828517.2754999998
24.05.2004,01:00:00,1.28135,1.28688,1.24273,1.25040,1829125.3946999998
31.05.2004,01:00:00,1.25011,1.25710,1.23383,1.23549,1764830.5742999997
07.06.2004,01:00:00,1.23567,1.26422,1.23199,1.26104,1827657.1134
14.06.2004,01:00:00,1.26133,1.27029,1.24182,1.24471,1827274.0059999998
21.06.2004,01:00:00,1.24452,1.25715,1.23868,1.24783,1822721.0742999997
28.06.2004,01:00:00,1.24805,1.26752,1.22660,1.22975,1809841.1504999998
05.07.2004,01:00:00,1.22985,1.23864,1.22129,1.22268,1819121.9884
12.07.2004,01:00:00,1.22203,1.24068,1.22038,1.22473,1820792.6759
19.07.2004,01:00:00,1.22495,1.26822,1.22373,1.26614,1824766.2304999998
26.07.2004,01:00:00,1.26620,1.28415,1.25871,1.27508,1822173.6563999997
02.08.2004,01:00:00,1.27495,1.29685,1.24917,1.25185,1813564.4122
09.08.2004,01:00:00,1.25183,1.26462,1.23719,1.23896,1804610.0879999998
16.08.2004,01:00:00,1.23855,1.25333,1.23772,1.25118,1818534.2813
23.08.2004,01:00:00,1.25152,1.28478,1.25090,1.28164,1823425.5118999998
30.08.2004,01:00:00,1.28201,1.28471,1.25560,1.26954,1805448.2696999998
06.09.2004,01:00:00,1.26948,1.27886,1.25205,1.25598,1797611.8068
13.09.2004,01:00:00,1.25575,1.27438,1.25455,1.27092,1787459.2441999998
20.09.2004,01:00:00,1.27085,1.27725,1.25120,1.26082,1786149.2247999997
27.09.2004,01:00:00,1.26091,1.26464,1.24398,1.25094,1798877.1934
04.10.2004,01:00:00,1.25102,1.26819,1.24645,1.24953,1791334.5196
11.10.2004,01:00:00,1.24952,1.26580,1.23153,1.23227,1796386.3009
18.10.2004,01:00:00,1.23240,1.23656,1.20401,1.20431,1799311.5627
25.10.2004,01:00:00,1.20435,1.21287,1.19084,1.19156,1790087.8750999998
01.11.2004,00:00:00,1.19156,1.21185,1.17625,1.17821,1783957.176
08.11.2004,00:00:00,1.17780,1.18573,1.16892,1.16995,1790765.7559999998
15.11.2004,00:00:00,1.17025,1.18170,1.15795,1.16208,1785594.4688999997
22.11.2004,00:00:00,1.16215,1.16959,1.13333,1.14087,1771219.2754999998
29.11.2004,00:00:00,1.14085,1.15551,1.12990,1.13088,1770017.1621
06.12.2004,00:00:00,1.13092,1.16819,1.12905,1.16105,1761947.6621
13.12.2004,00:00:00,1.16112,1.16188,1.13733,1.15607,1767268.0509
20.12.2004,00:00:00,1.15627,1.15728,1.13914,1.14360,1768296.3126999997
27.12.2004,00:00:00,1.14348,1.14483,1.12707,1.13781,1711471.0313999997
03.01.2005,00:00:00,1.13777,1.18864,1.13713,1.18367,1770041.2930999997
10.01.2005,00:00:00,1.18390,1.18674,1.16253,1.18111,1769576.0509
17.01.2005,00:00:00,1.18118,1.19651,1.17473,1.18590,1650480.1135
24.01.2005,00:00:00,1.18592,1.19693,1.17786,1.18900,1757465.5429999998
31.01.2005,00:00:00,1.18897,1.21271,1.18538,1.21197,1772693.7247
07.02.2005,00:00:00,1.21201,1.22601,1.20365,1.20845,1761888.3067999997
14.02.2005,00:00:00,1.20847,1.20847,1.17979,1.18275,1763260.551
21.02.2005,00:00:00,1.18280,1.18575,1.15701,1.16128,1771631.7871
28.02.2005,00:00:00,1.16130,1.18240,1.15757,1.16911,1771612.1680999997
07.03.2005,00:00:00,1.16929,1.17780,1.14811,1.14870,1763337.2129999998
14.03.2005,00:00:00,1.14866,1.16858,1.14816,1.16402,1771382.6367
21.03.2005,00:00:00,1.16405,1.20260,1.16376,1.19904,1778570.1875999998
28.03.2005,01:00:00,1.19927,1.20818,1.18905,1.20494,1843284.6759
04.04.2005,01:00:00,1.20486,1.21415,1.19632,1.19745,1894964.6622
11.04.2005,01:00:00,1.19750,1.21924,1.18934,1.19995,1807857.0117999997
18.04.2005,01:00:00,1.20010,1.20414,1.17374,1.18256,1793768.3691999998
25.04.2005,01:00:00,1.18230,1.19761,1.18218,1.19721,1800949.6192999997
02.05.2005,01:00:00,1.19723,1.20834,1.18786,1.20728,1791672.7442999997
09.05.2005,01:00:00,1.20740,1.22837,1.19609,1.22686,1794088.1367999997
16.05.2005,01:00:00,1.22680,1.23588,1.21473,1.23457,1794067.7754
23.05.2005,01:00:00,1.23417,1.23770,1.22438,1.23425,1780040.5938
30.05.2005,01:00:00,1.23470,1.25962,1.23168,1.25336,1779523.3184999998
06.06.2005,01:00:00,1.25319,1.26998,1.24091,1.26870,1771933.0059
13.06.2005,01:00:00,1.26869,1.27884,1.25621,1.26356,1779606.3554999998
20.06.2005,01:00:00,1.26364,1.28419,1.26107,1.27043,1775794.0430999997
27.06.2005,01:00:00,1.27025,1.29937,1.26566,1.29805,1777271.5821999998
04.07.2005,01:00:00,1.29808,1.30710,1.28378,1.29968,1798680.0508
11.07.2005,01:00:00,1.29973,1.30054,1.26977,1.29552,1777733.1367999997
18.07.2005,01:00:00,1.29557,1.30788,1.27521,1.29667,1791101.9180999997
25.07.2005,01:00:00,1.29692,1.30585,1.28208,1.28888,1790536.7129999998
01.08.2005,01:00:00,1.28911,1.28911,1.25606,1.26531,1795707.5429999998
08.08.2005,01:00:00,1.26527,1.26738,1.24329,1.24538,1796265.5372
15.08.2005,01:00:00,1.24518,1.27686,1.24503,1.27383,1791064.1934
22.08.2005,01:00:00,1.27402,1.27849,1.25075,1.25124,1777816.5509
29.08.2005,01:00:00,1.25101,1.27437,1.22490,1.22862,1781617.5566999998
05.09.2005,01:00:00,1.22872,1.24703,1.22365,1.24250,1779091.6367999997
12.09.2005,01:00:00,1.24242,1.27679,1.24217,1.27476,1791688.5313999997
19.09.2005,01:00:00,1.27464,1.29450,1.26578,1.29322,1792478.5742999997
26.09.2005,01:00:00,1.29316,1.29962,1.28524,1.29273,1761115.3321999998
03.10.2005,01:00:00,1.29266,1.30408,1.26687,1.27757,1755992.7872
10.10.2005,01:00:00,1.27750,1.30171,1.27492,1.28533,1764808.2754999998
17.10.2005,01:00:00,1.28534,1.30715,1.27939,1.29349,1773130.6622
24.10.2005,01:00:00,1.29338,1.29508,1.26934,1.28046,1760075.2755999998
31.10.2005,00:00:00,1.28043,1.30980,1.27592,1.30900,1771221.2385
07.11.2005,00:00:00,1.30897,1.31712,1.30329,1.31083,1772879.3946
14.11.2005,00:00:00,1.31073,1.32829,1.30623,1.31459,1738814.8867999997
21.11.2005,00:00:00,1.31462,1.32417,1.30626,1.31871,1725119.5567999997
28.11.2005,00:00:00,1.31877,1.32407,1.29919,1.31737,1724588.0372999997
05.12.2005,00:00:00,1.31732,1.32096,1.29684,1.30471,1720718.4004999998
12.12.2005,00:00:00,1.30465,1.30465,1.27743,1.28772,1736339.8692999997
19.12.2005,00:00:00,1.28773,1.31672,1.28745,1.31304,1720623.6446
26.12.2005,00:00:00,1.31308,1.31957,1.30497,1.31331,1718760.6192999997
02.01.2006,00:00:00,1.31332,1.31568,1.26745,1.27104,1729978.0938
09.01.2006,00:00:00,1.27105,1.28886,1.26885,1.27369,1732550.1875999998
16.01.2006,00:00:00,1.27364,1.28881,1.27264,1.27317,1724913.3125999998
23.01.2006,00:00:00,1.27315,1.28504,1.25557,1.28256,1735002.7304999998
30.01.2006,00:00:00,1.28255,1.29938,1.27396,1.29365,1726032.7188
06.02.2006,00:00:00,1.29357,1.30828,1.29129,1.30703,1723825.4258
13.02.2006,00:00:00,1.30703,1.31714,1.30297,1.30883,1729115.8243999996
20.02.2006,00:00:00,1.30878,1.32187,1.30202,1.32118,1734923.5371
27.02.2006,00:00:00,1.32113,1.32371,1.29035,1.29198,1723985.6934
06.03.2006,00:00:00,1.29185,1.32281,1.28909,1.31667,1736373.2304999998
13.03.2006,00:00:00,1.31662,1.31704,1.28699,1.29090,1725310.8009
20.03.2006,00:00:00,1.29092,1.31927,1.28890,1.30948,1721340.4122
27.03.2006,01:00:00,1.30945,1.31254,1.29567,1.30444,1724487.0117999997
03.04.2006,01:00:00,1.30437,1.31341,1.28057,1.30111,1735602.8009
10.04.2006,01:00:00,1.30108,1.30582,1.29337,1.29578,1720889.8379
17.04.2006,01:00:00,1.29577,1.29582,1.26501,1.27182,1739826.4629999998
24.04.2006,01:00:00,1.27185,1.27478,1.23735,1.23965,1744950.5742999997
01.05.2006,01:00:00,1.23960,1.24466,1.22137,1.22413,1723230.6816999998
08.05.2006,01:00:00,1.22410,1.23180,1.19170,1.19452,1735319.0314999998
15.05.2006,01:00:00,1.19460,1.22386,1.19460,1.21716,1742432.8556999997
22.05.2006,01:00:00,1.21710,1.22984,1.20159,1.22510,1740673.4259
29.05.2006,01:00:00,1.22498,1.22922,1.20515,1.20675,1725253.0509999997
05.06.2006,01:00:00,1.20663,1.23617,1.20152,1.23421,1735226.5568999997
12.06.2006,01:00:00,1.23418,1.24058,1.22590,1.23121,1730011.2384
19.06.2006,01:00:00,1.23118,1.25273,1.23115,1.24785,1733384.3009
26.06.2006,01:00:00,1.24783,1.25001,1.22170,1.22335,1738010.0059999998
03.07.2006,01:00:00,1.22335,1.23558,1.21672,1.22301,1722581.7305999997
10.07.2006,01:00:00,1.22300,1.23868,1.22209,1.23416,1715616.4571
17.07.2006,01:00:00,1.23417,1.25911,1.23318,1.23648,1723764.7617999997
24.07.2006,01:00:00,1.23673,1.25440,1.22799,1.23116,1719627.3438999997
31.07.2006,01:00:00,1.23113,1.23654,1.21926,1.22073,1721463.9259
07.08.2006,01:00:00,1.22068,1.24421,1.21602,1.23946,1724511.8379
14.08.2006,01:00:00,1.23945,1.24436,1.22372,1.23186,1722190.7246
21.08.2006,01:00:00,1.23178,1.24224,1.21813,1.23898,1712322.5938
28.08.2006,01:00:00,1.23897,1.23905,1.22275,1.22829,1753314.6309
04.09.2006,01:00:00,1.22823,1.25047,1.22686,1.24758,1781973.3946
11.09.2006,01:00:00,1.24776,1.26193,1.23942,1.25747,1781099.8126999997
18.09.2006,01:00:00,1.25731,1.25731,1.23199,1.23594,1775236.2071
25.09.2006,01:00:00,1.23598,1.26803,1.22913,1.24976,1770011.2929999998
02.10.2006,01:00:00,1.24986,1.26330,1.24049,1.26098,1782364.0879999998
09.10.2006,01:00:00,1.26096,1.27678,1.25878,1.27419,1781025.2188
16.10.2006,01:00:00,1.27411,1.27527,1.25480,1.25833,1777474.0117
23.10.2006,01:00:00,1.25840,1.27028,1.24692,1.24855,1777643.2304999998
30.10.2006,00:00:00,1.24862,1.25685,1.24057,1.25320,1782002.5997
06.11.2006,00:00:00,1.25312,1.25771,1.23463,1.23893,1781582.8497
13.11.2006,00:00:00,1.23903,1.25347,1.23574,1.24436,1770445.3379999998
20.11.2006,00:00:00,1.24433,1.24493,1.20202,1.20334,1767329.3809
27.11.2006,00:00:00,1.20350,1.21155,1.19014,1.19101,1762171.8242
04.12.2006,00:00:00,1.19095,1.20722,1.18807,1.20542,1774965.0196999998
11.12.2006,00:00:00,1.20554,1.22298,1.19836,1.22108,1776577.2559999998
18.12.2006,00:00:00,1.22117,1.22664,1.21073,1.21922,1772716.7559999998
25.12.2006,00:00:00,1.21932,1.22705,1.21615,1.21884,1793001.8634
01.01.2007,00:00:00,1.21882,1.23932,1.21116,1.23528,1770171.5997
08.01.2007,00:00:00,1.23559,1.27154,1.23309,1.24738,1786330.0372999997
15.01.2007,00:00:00,1.24728,1.25464,1.24171,1.24845,1766840.9179999998
22.01.2007,00:00:00,1.24841,1.25632,1.23743,1.25278,1763411.1623
29.01.2007,00:00:00,1.25278,1.25703,1.23789,1.24802,1766709.5997
05.02.2007,00:00:00,1.24785,1.25172,1.23805,1.24706,1778685.4063999997
12.02.2007,00:00:00,1.24695,1.25497,1.23116,1.23301,1774624.3009
19.02.2007,00:00:00,1.23302,1.24358,1.22954,1.23080,1769982.8867999997
26.02.2007,00:00:00,1.23087,1.23379,1.21409,1.21588,1752795.1679999998
05.03.2007,00:00:00,1.21587,1.23549,1.21075,1.23328,1751601.1875999998
12.03.2007,00:00:00,1.23328,1.23507,1.20300,1.20561,1822669.7344
19.03.2007,00:00:00,1.20554,1.22142,1.20492,1.21927,1810413.0391999998
26.03.2007,01:00:00,1.21933,1.22377,1.20837,1.21490,1785062.8127
02.04.2007,01:00:00,1.21490,1.22439,1.21190,1.22270,2909275.2501
09.04.2007,01:00:00,1.22260,1.22830,1.20675,1.21290,1903763.2969999998
16.04.2007,01:00:00,1.21290,1.21500,1.20020,1.20650,2623047.0752999997
23.04.2007,01:00:00,1.20650,1.21270,1.19940,1.20630,2794767.9454
30.04.2007,01:00:00,1.20630,1.21890,1.20364,1.21040,4489673.0625
07.05.2007,01:00:00,1.21040,1.22230,1.20825,1.21730,8374318.0313
14.05.2007,01:00:00,1.21730,1.22850,1.21270,1.22770,9414934.5469
21.05.2007,01:00:00,1.22770,1.23310,1.22400,1.22740,8911148.75
28.05.2007,01:00:00,1.22740,1.25305,1.21995,1.22970,8651510.9766
04.06.2007,01:00:00,1.22970,1.23660,1.21470,1.23590,9462614.2266
11.06.2007,01:00:00,1.23600,1.24690,1.23567,1.24130,7764062.8242
18.06.2007,01:00:00,1.24130,1.24270,1.22760,1.22870,7730828.3242
25.06.2007,01:00:00,1.22870,1.23420,1.22020,1.22200,8472529.1016
02.07.2007,01:00:00,1.22200,1.22330,1.20892,1.21754,7978436.4766
09.07.2007,01:00:00,1.21780,1.21940,1.19840,1.20287,11543941.5
16.07.2007,01:00:00,1.20310,1.20660,1.19610,1.20010,10891454.7656
23.07.2007,01:00:00,1.20000,1.21650,1.19810,1.20690,12551329.2969
30.07.2007,01:00:00,1.20690,1.20840,1.18140,1.18490,12290239.4219
06.08.2007,01:00:00,1.18490,1.20284,1.18240,1.19865,12281671
13.08.2007,01:00:00,1.19870,1.22150,1.19720,1.20700,15176429.2031
20.08.2007,01:00:00,1.20700,1.21115,1.19867,1.20040,10230996.7266
27.08.2007,01:00:00,1.20040,1.20890,1.19600,1.20680,9504078.5469
03.09.2007,01:00:00,1.20680,1.21510,1.18540,1.18595,10656473.6484
10.09.2007,01:00:00,1.18595,1.19230,1.18015,1.18950,8935327.7969
17.09.2007,01:00:00,1.18950,1.18990,1.16775,1.17150,7247180.875
24.09.2007,01:00:00,1.17150,1.17570,1.16168,1.16270,8830167.5234
01.10.2007,01:00:00,1.16270,1.18550,1.16250,1.17650,8366395.9531
08.10.2007,01:00:00,1.17650,1.18940,1.17640,1.18470,9031462.9531
15.10.2007,01:00:00,1.18470,1.18590,1.15990,1.16100,9118492.9531
22.10.2007,01:00:00,1.16100,1.17865,1.16070,1.16255,12554029.7813
29.10.2007,00:00:00,1.16255,1.16710,1.14915,1.15195,16259823.4375
05.11.2007,00:00:00,1.15195,1.15570,1.11880,1.12270,8624073.9688
12.11.2007,00:00:00,1.12280,1.12990,1.11555,1.11705,12634990.7266
19.11.2007,00:00:00,1.11705,1.12020,1.08860,1.10345,5800738.4063
26.11.2007,00:00:00,1.10345,1.13262,1.09545,1.12900,5562993.3359
03.12.2007,00:00:00,1.12900,1.13530,1.11525,1.12775,4574435.8438
10.12.2007,00:00:00,1.12775,1.15690,1.12345,1.15470,3957018.5626
17.12.2007,00:00:00,1.15470,1.15950,1.14770,1.15550,3361186.5586
24.12.2007,00:00:00,1.15550,1.16242,1.12380,1.12560,2392325.5664
31.12.2007,00:00:00,1.12560,1.13689,1.10190,1.10720,2760457.7344
07.01.2008,00:00:00,1.10720,1.11920,1.09750,1.09955,5686906
14.01.2008,00:00:00,1.09950,1.10875,1.08365,1.10080,5202181.7266
21.01.2008,00:00:00,1.10080,1.11225,1.08460,1.09470,5278254.2969
28.01.2008,00:00:00,1.09485,1.09655,1.07275,1.08805,4019590.5313
04.02.2008,00:00:00,1.08805,1.11030,1.08630,1.10215,2134935.6798
11.02.2008,00:00:00,1.10215,1.11070,1.08860,1.09355,965057.2578999999
18.02.2008,00:00:00,1.09355,1.10460,1.08355,1.08555,3829360.0390999997
25.02.2008,00:00:00,1.08555,1.09295,1.03200,1.03350,4417792.1093999995
03.03.2008,00:00:00,1.03350,1.04580,1.01325,1.02010,3817080.7813
10.03.2008,00:00:00,1.02010,1.03525,0.98640,0.98820,5521119.1719
17.03.2008,00:00:00,0.98820,1.01680,0.96290,1.01215,6400375.6875
24.03.2008,00:00:00,1.01215,1.02500,0.98800,0.99755,5280109.6875
31.03.2008,01:00:00,0.99755,1.02175,0.98700,1.00590,6159845.875
07.04.2008,01:00:00,1.00590,1.01720,0.98880,1.00520,4130344.5234
14.04.2008,01:00:00,1.00520,1.02835,0.99250,1.01830,2070854.2502
21.04.2008,01:00:00,1.01830,1.04305,0.99970,1.03600,5640032.375
28.04.2008,01:00:00,1.03600,1.06080,1.02990,1.05520,1568461.6484
05.05.2008,01:00:00,1.05520,1.06250,1.03849,1.04150,1363094.4259
12.05.2008,01:00:00,1.04150,1.06005,1.04060,1.04780,1000745.9805000001
19.05.2008,01:00:00,1.04780,1.05725,1.02145,1.02360,1066695.8946
26.05.2008,01:00:00,1.02360,1.05270,1.02230,1.04220,1163151.8487999998
02.06.2008,01:00:00,1.04220,1.05210,1.01640,1.01720,621474.8651
09.06.2008,01:00:00,1.01720,1.05410,1.01475,1.04690,1065978.9278
16.06.2008,01:00:00,1.04695,1.05195,1.03040,1.03660,2114559.8496999997
23.06.2008,01:00:00,1.03660,1.04930,1.01655,1.01820,2061228.9629999998
30.06.2008,01:00:00,1.01810,1.02830,1.01105,1.02540,1712402.8458999998
07.07.2008,01:00:00,1.02540,1.03525,1.01284,1.01910,1522086.961
14.07.2008,01:00:00,1.01910,1.02585,1.00105,1.02220,1250999.8302
21.07.2008,01:00:00,1.02220,1.04085,1.01370,1.03770,1043043.7286000001
28.07.2008,01:00:00,1.03770,1.05220,1.03180,1.04860,1052367.8906999999
04.08.2008,01:00:00,1.04860,1.08711,1.04335,1.08380,1753569.3398999998
11.08.2008,01:00:00,1.08370,1.10080,1.07420,1.09630,2242722.9570999998
18.08.2008,01:00:00,1.09630,1.10415,1.08420,1.09790,1880981.631
25.08.2008,01:00:00,1.09790,1.10860,1.08830,1.09850,1710279.5391999998
01.09.2008,01:00:00,1.09855,1.12403,1.09490,1.11870,2049514.2267
08.09.2008,01:00:00,1.11870,1.14175,1.11255,1.11940,2835765.4063
15.09.2008,01:00:00,1.11940,1.12795,1.08995,1.10215,4034490.6016
22.09.2008,01:00:00,1.10225,1.10490,1.06870,1.09290,2079848.3047
29.09.2008,01:00:00,1.09295,1.14130,1.08155,1.12935,2784070.0234999997
06.10.2008,01:00:00,1.12945,1.14855,1.11275,1.13090,37349133.375
13.10.2008,01:00:00,1.13100,1.14890,1.12445,1.13435,51416499
20.10.2008,01:00:00,1.13450,1.17480,1.13230,1.16255,36331081.3125
27.10.2008,00:00:00,1.16255,1.17110,1.11990,1.15550,4969066.2559
03.11.2008,00:00:00,1.15526,1.18000,1.14730,1.17490,2281984.7501
10.11.2008,00:00:00,1.17500,1.20111,1.17120,1.19890,1829560.8262999998
17.11.2008,00:00:00,1.19900,1.22970,1.18875,1.21880,1715285.0567999997
24.11.2008,00:00:00,1.21880,1.22230,1.18293,1.21290,2386200.1876
01.12.2008,00:00:00,1.21290,1.22510,1.19240,1.21775,2317899.0567
08.12.2008,00:00:00,1.21790,1.22000,1.17035,1.17230,1943619.7071999998
15.12.2008,00:00:00,1.17230,1.17475,1.04120,1.10335,1641224.9346999999
22.12.2008,00:00:00,1.10340,1.10395,1.06465,1.06545,959115.0204000002
29.12.2008,00:00:00,1.06545,1.08445,1.03690,1.07100,921550.2032
05.01.2009,00:00:00,1.07100,1.12785,1.07025,1.11430,1726615.9942999997
12.01.2009,00:00:00,1.11430,1.12890,1.10965,1.11650,2707191.7188
19.01.2009,00:00:00,1.11655,1.17150,1.11410,1.16105,2379177.7559999996
26.01.2009,00:00:00,1.16110,1.16590,1.13125,1.16275,3008266.75
02.02.2009,00:00:00,1.16275,1.17435,1.14005,1.16025,2596776.1251
09.02.2009,00:00:00,1.16025,1.17800,1.15010,1.16340,2964976.0704
16.02.2009,00:00:00,1.16340,1.18840,1.14610,1.15900,2896430.9609
23.02.2009,00:00:00,1.15900,1.17600,1.14595,1.17305,3186434.4219
02.03.2009,00:00:00,1.17300,1.18480,1.14835,1.15350,3080258.1719
09.03.2009,00:00:00,1.15350,1.19665,1.14320,1.18905,3233826.6367
16.03.2009,00:00:00,1.18910,1.19120,1.11575,1.12530,3453927.5859
23.03.2009,00:00:00,1.12535,1.14955,1.11690,1.14480,3193865.3867
30.03.2009,01:00:00,1.14480,1.15490,1.12605,1.12750,2891186.3984
06.04.2009,01:00:00,1.12745,1.16225,1.12383,1.15705,2335305.1133999997
13.04.2009,01:00:00,1.15705,1.16880,1.13035,1.16860,2114321.7306
20.04.2009,01:00:00,1.16860,1.17415,1.13490,1.13825,2381421.4376
27.04.2009,01:00:00,1.13825,1.16035,1.12695,1.13654,2752868.5117
04.05.2009,01:00:00,1.13672,1.14225,1.10177,1.10540,2869604.4570999998
11.05.2009,01:00:00,1.10495,1.12630,1.09760,1.12420,3061684.9375
18.05.2009,01:00:00,1.12420,1.12640,1.08110,1.08410,3044350.4746
25.05.2009,01:00:00,1.08415,1.09540,1.06258,1.06960,3066766.2421999997
01.06.2009,01:00:00,1.06950,1.09070,1.05905,1.08570,3862692.8633
08.06.2009,01:00:00,1.08570,1.09860,1.06495,1.07982,3676993.2969
15.06.2009,01:00:00,1.07982,1.09546,1.07594,1.08110,1479427.7071
22.06.2009,01:00:00,1.08110,1.10220,1.06320,1.08300,3390341.2813
29.06.2009,01:00:00,1.08300,1.09120,1.07055,1.08755,2703971.7070999998
06.07.2009,01:00:00,1.08735,1.09560,1.07505,1.08365,3149615.8359
13.07.2009,01:00:00,1.08365,1.09390,1.07030,1.07480,3130478.6796999997
20.07.2009,01:00:00,1.07470,1.07705,1.06225,1.07255,2497647.7501
27.07.2009,01:00:00,1.07255,1.09340,1.06535,1.06735,2502154.7501
03.08.2009,01:00:00,1.06735,1.08440,1.05630,1.08180,2587558.4258999997
10.08.2009,01:00:00,1.08180,1.08830,1.06705,1.07540,1218305.1123
17.08.2009,01:00:00,1.07540,1.08340,1.05530,1.05780,1535414.4092999997
24.08.2009,01:00:00,1.05790,1.07145,1.05275,1.05940,1480116.963
31.08.2009,01:00:00,1.05940,1.07055,1.05430,1.05935,1479618.5997
07.09.2009,01:00:00,1.05935,1.06060,1.03385,1.03725,1308265.8068
14.09.2009,01:00:00,1.03735,1.04230,1.02740,1.02955,1523180.4259
21.09.2009,01:00:00,1.02955,1.03890,1.01860,1.02620,1870918.9004999998
28.09.2009,01:00:00,1.02625,1.04525,1.02620,1.03415,1987570.2071999998
05.10.2009,01:00:00,1.03415,1.03590,1.02300,1.03200,2119697.6797999996
12.10.2009,01:00:00,1.03205,1.03525,1.01170,1.01800,2013190.2500999998
19.10.2009,01:00:00,1.01800,1.02280,1.00325,1.00895,2218694.9259999995
26.10.2009,00:00:00,1.00895,1.02860,1.00515,1.02640,2159076.7305
02.11.2009,00:00:00,1.02645,1.03380,1.01260,1.01650,2436721.4063
09.11.2009,00:00:00,1.01650,1.01930,1.00345,1.00895,2104234.7892
16.11.2009,00:00:00,1.00895,1.02235,1.00470,1.01710,1769746.2891999998
23.11.2009,00:00:00,1.01710,1.01760,0.99155,1.00550,1366887.5254999998
30.11.2009,00:00:00,1.00555,1.01910,0.99605,1.01560,2031560.3087
07.12.2009,00:00:00,1.01570,1.03675,1.01360,1.03415,2185156.4845
14.12.2009,00:00:00,1.03385,1.05075,1.02945,1.04025,2169254.6563999997
21.12.2009,00:00:00,1.04025,1.05035,1.03205,1.03665,1641304.5742999997
28.12.2009,00:00:00,1.03665,1.04215,1.02790,1.03610,1288747.6622
04.01.2010,00:00:00,1.03610,1.04200,1.01915,1.02040,2079630.5547999998
11.01.2010,00:00:00,1.02025,1.02875,1.01305,1.02655,2009208.4454999997
18.01.2010,00:00:00,1.02660,1.04950,1.02270,1.04135,2244376.6369000003
25.01.2010,00:00:00,1.04135,1.06425,1.03675,1.06020,2329593.2345999996
01.02.2010,00:00:00,1.06020,1.07950,1.04970,1.07545,2077202.9180999997
08.02.2010,00:00:00,1.07550,1.08270,1.06090,1.07590,2198975.4883999997
15.02.2010,00:00:00,1.07590,1.08980,1.06465,1.07485,1567636.5215999999
22.02.2010,00:00:00,1.07485,1.08780,1.06940,1.07305,1669825.6992999997
01.03.2010,00:00:00,1.07305,1.08885,1.06485,1.07300,2071503.6329999997
08.03.2010,00:00:00,1.07305,1.08040,1.05619,1.05800,2219448.1758999997
15.03.2010,00:00:00,1.05800,1.06465,1.05065,1.06120,2112513.4806
22.03.2010,00:00:00,1.06115,1.07505,1.05465,1.06405,2376083.0118
29.03.2010,01:00:00,1.06405,1.06905,1.04345,1.06165,1940870.4219999998
05.04.2010,01:00:00,1.06165,1.07855,1.05220,1.05735,1848811.1172999998
12.04.2010,01:00:00,1.05735,1.06477,1.05015,1.06360,2348811.6133999997
19.04.2010,01:00:00,1.06360,1.08500,1.06020,1.07385,2360441.4063999997
26.04.2010,01:00:00,1.07385,1.09240,1.06985,1.07680,2592927.6758999997
03.05.2010,01:00:00,1.07680,1.12460,1.07680,1.10395,2426114.1641
10.05.2010,01:00:00,1.10420,1.13494,1.09215,1.13310,2577702.7813
17.05.2010,01:00:00,1.13310,1.15855,1.12670,1.15110,2253130.8008999997
24.05.2010,01:00:00,1.15110,1.16950,1.14810,1.15740,2696465.418
31.05.2010,01:00:00,1.15740,1.17305,1.14230,1.16390,2042218.3516999998
07.06.2010,01:00:00,1.16390,1.16730,1.13975,1.14390,1927472.1134
14.06.2010,01:00:00,1.14390,1.14795,1.09915,1.10470,1596530.0898999998
21.06.2010,01:00:00,1.10470,1.11375,1.09045,1.09080,1466655.4102999999
28.06.2010,01:00:00,1.09085,1.09385,1.05780,1.06455,1399962.5469999998
05.07.2010,01:00:00,1.06455,1.06735,1.04810,1.05495,1253635.9960999999
12.07.2010,01:00:00,1.05495,1.06755,1.03995,1.04885,1424236.2695999998
19.07.2010,01:00:00,1.04885,1.05640,1.03940,1.05295,1153591.7599
26.07.2010,01:00:00,1.05285,1.06400,1.03162,1.04310,1398892.379
02.08.2010,01:00:00,1.04310,1.05540,1.02570,1.03845,1344417.0528
09.08.2010,01:00:00,1.03845,1.06240,1.03750,1.05195,1510039.4804999998
16.08.2010,01:00:00,1.05200,1.05340,1.02570,1.03485,1351366.2071999998
23.08.2010,01:00:00,1.03485,1.04505,1.02205,1.02835,1221721.2071999998
30.08.2010,01:00:00,1.02835,1.03090,1.00645,1.01720,1109964.3811
06.09.2010,01:00:00,1.01720,1.02775,1.00605,1.01895,1220934.6759000001
13.09.2010,01:00:00,1.01895,1.01895,0.99325,1.01055,1448471.4923
20.09.2010,01:00:00,1.01050,1.01180,0.97785,0.98365,1204702.25
27.09.2010,01:00:00,0.98360,0.98775,0.97080,0.97555,1195390.797
04.10.2010,01:00:00,0.97555,0.97895,0.95535,0.96205,1058658.1094999998
11.10.2010,01:00:00,0.96200,0.97275,0.94630,0.95885,1116164.8653
18.10.2010,01:00:00,0.95885,0.98045,0.95415,0.97759,1361797.4531999999
25.10.2010,01:00:00,0.97759,0.99285,0.96628,0.98199,512637.8925
01.11.2010,00:00:00,0.98206,0.99707,0.95395,0.96049,439714.0967
08.11.2010,00:00:00,0.96067,0.98132,0.95871,0.97926,435697.603
15.11.2010,00:00:00,0.97916,0.99975,0.97621,0.99230,254649.7032
22.11.2010,00:00:00,0.99226,1.00533,0.98485,1.00285,249754.20469999997
29.11.2010,00:00:00,1.00280,1.00659,0.97237,0.97497,617304.5058999999
06.12.2010,00:00:00,0.97497,0.99149,0.97256,0.98181,580095.9013
13.12.2010,00:00:00,0.98181,0.98507,0.95578,0.96979,684468.7012
20.12.2010,00:00:00,0.96983,0.97202,0.94965,0.96354,571308.5001000001
27.12.2010,00:00:00,0.96363,0.96454,0.92993,0.93207,432488.1826
03.01.2011,00:00:00,0.93204,0.97075,0.93192,0.96676,602830.7675
10.01.2011,00:00:00,0.96675,0.97831,0.96045,0.96386,613320.129
17.01.2011,00:00:00,0.96388,0.96863,0.95195,0.95833,668491.9639000001
24.01.2011,00:00:00,0.95833,0.96221,0.93895,0.94185,694779.1642
31.01.2011,00:00:00,0.94185,0.95931,0.93283,0.95460,811992.4355
07.02.2011,00:00:00,0.95457,0.97744,0.95230,0.97380,859480.9024
14.02.2011,00:00:00,0.97380,0.97442,0.94199,0.94392,845616.9395000001
21.02.2011,00:00:00,0.94392,0.95050,0.92258,0.92810,892568.293
28.02.2011,00:00:00,0.92822,0.93291,0.92016,0.92624,802570.4023
07.03.2011,00:00:00,0.92624,0.93686,0.92358,0.92838,813070.5586999999
14.03.2011,00:00:00,0.92838,0.93160,0.89210,0.90358,1003921.1055
21.03.2011,00:00:00,0.90359,0.92277,0.89783,0.92257,799065.9669
28.03.2011,01:00:00,0.92257,0.93397,0.91260,0.92547,793903.6934999999
04.04.2011,01:00:00,0.92546,0.92950,0.90507,0.90901,713071.7657
11.04.2011,01:00:00,0.90901,0.91045,0.88955,0.89282,699751.0567000001
18.04.2011,01:00:00,0.89280,0.90094,0.87800,0.88378,695578.8711
25.04.2011,01:00:00,0.88377,0.88731,0.86256,0.86423,739619.3437999999
02.05.2011,01:00:00,0.86423,0.87983,0.85526,0.87650,821072.4766
09.05.2011,01:00:00,0.87653,0.89460,0.87072,0.89359,950267.5079000001
16.05.2011,01:00:00,0.89357,0.89380,0.87475,0.87733,751153.2362
23.05.2011,01:00:00,0.87733,0.88923,0.84617,0.85102,691288.0704
30.05.2011,01:00:00,0.85104,0.85459,0.83272,0.83310,598491.1621
06.06.2011,01:00:00,0.83310,0.84453,0.83263,0.84198,610963.1007
13.06.2011,01:00:00,0.84198,0.85508,0.83470,0.84877,690631.2296000001
20.06.2011,01:00:00,0.84877,0.85160,0.83149,0.83485,603094.7949999999
27.06.2011,01:00:00,0.83485,0.85258,0.82750,0.84699,609969.2296
04.07.2011,01:00:00,0.84699,0.85198,0.83588,0.83738,566315.1954
11.07.2011,01:00:00,0.83738,0.83972,0.80384,0.81050,683292.5752999999
18.07.2011,01:00:00,0.81049,0.82772,0.80983,0.81370,623338.7237
25.07.2011,01:00:00,0.81375,0.81547,0.78480,0.79209,616713.6369
01.08.2011,01:00:00,0.79210,0.79521,0.74871,0.76120,811658.0293
08.08.2011,01:00:00,0.76120,0.79149,0.70663,0.79018,852263.1710000001
15.08.2011,01:00:00,0.79017,0.80168,0.77689,0.78687,732216.6826
22.08.2011,01:00:00,0.78693,0.81569,0.78382,0.80910,656532.6093
29.08.2011,01:00:00,0.80910,0.82403,0.77107,0.78957,612526.5586
05.09.2011,01:00:00,0.78959,0.88932,0.78203,0.88771,728930.1562
12.09.2011,01:00:00,0.88769,0.89269,0.86470,0.88170,912650.5646
19.09.2011,01:00:00,0.88169,0.91819,0.87900,0.90609,876504.0782
26.09.2011,01:00:00,0.90611,0.91423,0.89178,0.90954,784936.0079
03.10.2011,01:00:00,0.90953,0.93147,0.90770,0.92600,836183.3008000001
10.10.2011,01:00:00,0.92601,0.92613,0.89031,0.89204,820406.0704
17.10.2011,01:00:00,0.89207,0.90825,0.88055,0.88378,817990.0099
24.10.2011,01:00:00,0.88378,0.88773,0.85671,0.86246,714877.5313
31.10.2011,00:00:00,0.86251,0.89593,0.86103,0.89043,764579.9884
07.11.2011,00:00:00,0.89043,0.91509,0.88926,0.89922,705039.0879000002
14.11.2011,00:00:00,0.89924,0.92359,0.89611,0.91632,917849.2217999999
21.11.2011,00:00:00,0.91632,0.93303,0.91070,0.92766,826162.0294
28.11.2011,00:00:00,0.92764,0.93068,0.90654,0.92019,831639.0039000001
05.12.2011,00:00:00,0.92016,0.92960,0.91649,0.92567,841391.0137
12.12.2011,00:00:00,0.92567,0.95471,0.92474,0.93634,979537.8927
19.12.2011,00:00:00,0.93634,0.93994,0.92422,0.93638,835887.1045000001
26.12.2011,00:00:00,0.93638,0.94701,0.93200,0.93789,601026.0058
02.01.2012,00:00:00,0.93797,0.95944,0.93035,0.95833,870020.3106
09.01.2012,00:00:00,0.95833,0.95837,0.94065,0.95405,1108799.299
16.01.2012,00:00:00,0.95405,0.95749,0.93062,0.93700,1037999.6974000001
23.01.2012,00:00:00,0.93700,0.93749,0.91096,0.91324,968336.4699
30.01.2012,00:00:00,0.91324,0.92494,0.91145,0.91920,1006225.8779
06.02.2012,00:00:00,0.91920,0.92625,0.90887,0.91357,880203.8574
13.02.2012,00:00:00,0.91357,0.93000,0.91026,0.91482,864713.6036000001
20.02.2012,00:00:00,0.91482,0.91640,0.89307,0.89425,799859.5801
27.02.2012,00:00:00,0.89425,0.91490,0.89355,0.91473,939369.6563
05.03.2012,00:00:00,0.91475,0.92066,0.90709,0.91907,886107.0830999999
12.03.2012,00:00:00,0.91907,0.93346,0.91398,0.91567,802071.1192
19.03.2012,00:00:00,0.91567,0.91782,0.90640,0.90724,786528.3146000002
26.03.2012,01:00:00,0.90724,0.91361,0.90030,0.90132,828625.9727000002
02.04.2012,01:00:00,0.90132,0.92221,0.90014,0.91793,689460.9078
09.04.2012,01:00:00,0.91793,0.92188,0.90910,0.92178,784913.8438
16.04.2012,01:00:00,0.92177,0.92513,0.90811,0.90966,910395.8418999999
23.04.2012,01:00:00,0.90966,0.91719,0.90515,0.90715,805552.9961999999
30.04.2012,01:00:00,0.90715,0.92698,0.90423,0.92657,705152.8243000001
07.05.2012,01:00:00,0.92657,0.93228,0.91945,0.93137,912233.9190000001
14.05.2012,01:00:00,0.93135,0.94999,0.93078,0.94039,1130534.7578999999
21.05.2012,01:00:00,0.94038,0.96105,0.93677,0.95630,1170389.1641
28.05.2012,01:00:00,0.95630,0.97710,0.95285,0.96869,1081570.5802
04.06.2012,01:00:00,0.96868,0.96957,0.94757,0.94980,1134568.6757999999
11.06.2012,01:00:00,0.94980,0.96500,0.94214,0.94546,1101899.1486
18.06.2012,01:00:00,0.94547,0.95916,0.94238,0.95788,1088725.6347999999
25.06.2012,01:00:00,0.95789,0.96783,0.94630,0.94964,988758.4043
02.07.2012,01:00:00,0.94962,0.98156,0.94835,0.97877,799963.4064000001
09.07.2012,01:00:00,0.97877,0.98725,0.97371,0.98060,790420.0498
16.07.2012,01:00:00,0.98060,0.99178,0.97467,0.99022,822722.5351999999
23.07.2012,01:00:00,0.99022,0.99715,0.96947,0.97616,963673.3634
30.07.2012,01:00:00,0.97616,0.98981,0.96562,0.96679,888133.4942000001
06.08.2012,01:00:00,0.96680,0.98093,0.96576,0.97835,745471.8007000001
13.08.2012,01:00:00,0.97836,0.97988,0.96967,0.97400,648225.8204000001
20.08.2012,01:00:00,0.97398,0.97672,0.95381,0.96033,738065.5636
27.08.2012,01:00:00,0.96033,0.96349,0.95019,0.95496,657055.2364
03.09.2012,01:00:00,0.95498,0.96076,0.94267,0.94537,706145.5991999999
10.09.2012,01:00:00,0.94541,0.94832,0.92384,0.92635,695868.0197
17.09.2012,01:00:00,0.92636,0.93556,0.92452,0.93314,721503.4854
24.09.2012,01:00:00,0.93314,0.94352,0.93278,0.94337,659886.2931
01.10.2012,01:00:00,0.94337,0.94374,0.92750,0.93101,690878.1299999999
08.10.2012,01:00:00,0.93101,0.94314,0.93058,0.93480,690690.2481
15.10.2012,01:00:00,0.93481,0.93710,0.92140,0.92798,672957.8184000001
22.10.2012,01:00:00,0.92800,0.93858,0.92487,0.93591,694198.2188000001
29.10.2012,00:00:00,0.93589,0.94148,0.92762,0.94143,600787.9297999999
05.11.2012,00:00:00,0.94141,0.94983,0.93807,0.94798,725487.6221
12.11.2012,00:00:00,0.94798,0.95121,0.94031,0.94431,585488.6329
19.11.2012,00:00:00,0.94431,0.94580,0.92647,0.92791,541164.8555
26.11.2012,00:00:00,0.92791,0.93407,0.92452,0.92732,557382.4756
03.12.2012,00:00:00,0.92732,0.93824,0.92408,0.93582,561595.4152
10.12.2012,00:00:00,0.93582,0.93694,0.91501,0.91817,544546.6699
17.12.2012,00:00:00,0.91818,0.91943,0.90833,0.91617,525801.3047
24.12.2012,00:00:00,0.91620,0.91814,0.90954,0.91268,378901.5713
31.12.2012,00:00:00,0.91266,0.93028,0.90770,0.92472,485425.36
07.01.2013,00:00:00,0.92476,0.92863,0.91103,0.91381,611228.2549999999
14.01.2013,00:00:00,0.91382,0.93883,0.91193,0.93405,757438.2592999999
21.01.2013,00:00:00,0.93406,0.93491,0.92215,0.92694,675055.8184
28.01.2013,00:00:00,0.92694,0.92921,0.90217,0.90828,705198.8228
04.02.2013,00:00:00,0.90825,0.92007,0.90563,0.91736,710488.3908000002
11.02.2013,00:00:00,0.91736,0.92455,0.91494,0.92311,655486.8105
18.02.2013,00:00:00,0.92311,0.93325,0.91842,0.93050,605660.7667
25.02.2013,00:00:00,0.93052,0.94626,0.92310,0.94216,918942.2956
04.03.2013,00:00:00,0.94216,0.95516,0.93930,0.95239,677074.9268
11.03.2013,00:00:00,0.95239,0.95664,0.93789,0.94517,686421.9629
18.03.2013,00:00:00,0.94523,0.94909,0.93509,0.93867,790870.9689000001
25.03.2013,00:00:00,0.93871,0.95533,0.93803,0.95014,591515.6451000001
01.04.2013,01:00:00,0.95012,0.95265,0.93126,0.93381,598662.749
08.04.2013,01:00:00,0.93379,0.93663,0.92638,0.92840,577933.9668
15.04.2013,01:00:00,0.92839,0.93424,0.92059,0.93335,777108.9381
22.04.2013,01:00:00,0.93336,0.94985,0.93145,0.94220,662200.3301
29.04.2013,01:00:00,0.94221,0.94294,0.92467,0.93541,645857.0694
06.05.2013,01:00:00,0.93539,0.96277,0.93334,0.95866,634351.087
13.05.2013,01:00:00,0.95867,0.97604,0.95208,0.97058,768070.5977000002
20.05.2013,01:00:00,0.97059,0.98384,0.95900,0.96172,809046.5679
27.05.2013,01:00:00,0.96172,0.97899,0.95110,0.95695,767067.5772
03.06.2013,01:00:00,0.95695,0.96240,0.92249,0.93736,865544.8722
10.06.2013,01:00:00,0.93736,0.94182,0.91298,0.92155,815624.3535000001
17.06.2013,01:00:00,0.92155,0.93692,0.91756,0.93675,716940.2720000001
24.06.2013,01:00:00,0.93675,0.94875,0.93122,0.94551,704458.1476
01.07.2013,01:00:00,0.94551,0.96651,0.94389,0.96602,592990.6367
08.07.2013,01:00:00,0.96602,0.97508,0.94042,0.94672,661975.1870000002
15.07.2013,01:00:00,0.94671,0.95339,0.93590,0.93945,614978.5462
22.07.2013,01:00:00,0.93940,0.94075,0.92635,0.92810,1071868.086
29.07.2013,01:00:00,0.92810,0.93892,0.92277,0.92917,592102.2217000001
05.08.2013,01:00:00,0.92917,0.93323,0.91744,0.92202,525554.4077999999
12.08.2013,01:00:00,0.92204,0.93958,0.92169,0.92714,551131.0327999999
19.08.2013,01:00:00,0.92714,0.92895,0.91469,0.92103,563260.6722
26.08.2013,01:00:00,0.92103,0.93321,0.91704,0.93251,512045.6461
02.09.2013,01:00:00,0.93251,0.94552,0.93134,0.93882,485024.9801
09.09.2013,01:00:00,0.93883,0.93913,0.92284,0.92517,450546.1294
16.09.2013,01:00:00,0.92518,0.92788,0.90821,0.91085,484947.1128
23.09.2013,01:00:00,0.91081,0.91372,0.90209,0.90530,415894.2052
30.09.2013,01:00:00,0.90531,0.90816,0.89673,0.90540,493978.8196
07.10.2013,01:00:00,0.90540,0.91315,0.90151,0.91003,518001.3355
14.10.2013,01:00:00,0.91006,0.91779,0.90040,0.90219,561572.7071
21.10.2013,01:00:00,0.90215,0.90447,0.88900,0.89264,531538.2496
28.10.2013,00:00:00,0.89263,0.91377,0.89224,0.91247,617736.0244000001
04.11.2013,00:00:00,0.91248,0.92496,0.90909,0.92297,635406.92
11.11.2013,00:00:00,0.92297,0.92297,0.91232,0.91549,741231.6766
18.11.2013,00:00:00,0.91549,0.91905,0.90610,0.90702,659759.5317999999
25.11.2013,00:00:00,0.90702,0.91311,0.90280,0.90639,584106.0133999999
02.12.2013,00:00:00,0.90639,0.91099,0.89092,0.89232,754359.9328000001
09.12.2013,00:00:00,0.89231,0.89340,0.88398,0.89024,434898.75930000003
16.12.2013,00:00:00,0.89024,0.90009,0.88320,0.89551,478929.5249
23.12.2013,00:00:00,0.89550,0.89718,0.87994,0.89140,365337.56100000005
30.12.2013,00:00:00,0.89140,0.90574,0.88595,0.90527,473171.9009
06.01.2014,00:00:00,0.90526,0.91267,0.90046,0.90208,628450.1877
13.01.2014,00:00:00,0.90208,0.91197,0.89861,0.91147,560593.8273
20.01.2014,00:00:00,0.91147,0.91562,0.89030,0.89385,465538.33449999994
27.01.2014,00:00:00,0.89385,0.90795,0.89318,0.90651,483991.1184999999
03.02.2014,00:00:00,0.90651,0.90813,0.89585,0.89880,422665.2637
10.02.2014,00:00:00,0.89880,0.90381,0.89033,0.89141,386667.6363
17.02.2014,00:00:00,0.89143,0.89284,0.88560,0.88740,345937.6359
24.02.2014,00:00:00,0.88738,0.89303,0.87771,0.87977,335558.54290000006
03.03.2014,00:00:00,0.87976,0.88955,0.87559,0.87785,359737.3079
10.03.2014,00:00:00,0.87788,0.88048,0.86987,0.87237,352664.80939999997
17.03.2014,00:00:00,0.87240,0.88689,0.87137,0.88226,373798.35970000003
24.03.2014,00:00:00,0.88226,0.88986,0.87870,0.88691,432432.5988
31.03.2014,01:00:00,0.88691,0.89525,0.88140,0.89163,367207.21160000004
07.04.2014,01:00:00,0.89162,0.89236,0.87433,0.87695,417730.47520000004
14.04.2014,01:00:00,0.87698,0.88361,0.87643,0.88328,332910.8894
21.04.2014,01:00:00,0.88328,0.88616,0.88021,0.88085,312963.145
28.04.2014,01:00:00,0.88083,0.88507,0.87613,0.87767,328408.8536
05.05.2014,01:00:00,0.87773,0.88729,0.87030,0.88664,337030.91770000005
12.05.2014,01:00:00,0.88665,0.89601,0.88583,0.89201,406639.1946
19.05.2014,01:00:00,0.89201,0.89718,0.88970,0.89574,332829.46719999996
26.05.2014,01:00:00,0.89574,0.89898,0.89331,0.89551,289436.5969
02.06.2014,01:00:00,0.89551,0.90365,0.89078,0.89325,399604.95029999997
09.06.2014,01:00:00,0.89325,0.90116,0.89193,0.90019,424091.4458
16.06.2014,01:00:00,0.90019,0.90127,0.89105,0.89569,340080.36720000004
23.06.2014,01:00:00,0.89572,0.89676,0.89063,0.89109,276811.8203
30.06.2014,01:00:00,0.89109,0.89511,0.88564,0.89488,277085.7228
07.07.2014,01:00:00,0.89488,0.89588,0.89019,0.89249,271931.4114
14.07.2014,01:00:00,0.89248,0.90033,0.88981,0.89793,293660.3255
21.07.2014,01:00:00,0.89794,0.90517,0.89708,0.90480,258504.39169999998
28.07.2014,01:00:00,0.90480,0.91063,0.90348,0.90606,357218.2064
04.08.2014,01:00:00,0.90606,0.91147,0.90324,0.90584,324963.7716
11.08.2014,01:00:00,0.90584,0.91036,0.90228,0.90352,295142.93330000003
18.08.2014,01:00:00,0.90352,0.91782,0.90256,0.91669,307546.3234
25.08.2014,01:00:00,0.91669,0.91930,0.91259,0.91894,356395.3443
01.09.2014,01:00:00,0.91895,0.93351,0.91750,0.93120,367160.72949999996
08.09.2014,01:00:00,0.93119,0.93956,0.93096,0.93372,503246.5786
15.09.2014,01:00:00,0.93372,0.94327,0.93002,0.94029,526055.3552999999
22.09.2014,01:00:00,0.94029,0.95253,0.93529,0.95185,435474.0426
29.09.2014,01:00:00,0.95185,0.96871,0.94883,0.96775,541562.5852999999
06.10.2014,01:00:00,0.96775,0.96777,0.94690,0.95628,565990.7788999999
13.10.2014,01:00:00,0.95625,0.95666,0.93597,0.94704,630898.6739
20.10.2014,01:00:00,0.94709,0.95590,0.93974,0.95174,485205.9438
27.10.2014,00:00:00,0.95175,0.96624,0.94413,0.96445,554327.128
03.11.2014,00:00:00,0.96445,0.97414,0.95797,0.96530,739002.7754
10.11.2014,00:00:00,0.96531,0.97001,0.95731,0.95927,650128.1655
17.11.2014,00:00:00,0.95926,0.97265,0.95310,0.97169,705269.1309
24.11.2014,00:00:00,0.97169,0.97205,0.95947,0.96774,537831.4509
01.12.2014,00:00:00,0.96774,0.97994,0.96149,0.97841,632705.3859
08.12.2014,00:00:00,0.97844,0.98176,0.96183,0.96378,729591.6647
15.12.2014,00:00:00,0.96378,0.98473,0.95527,0.98443,758170.1406
22.12.2014,00:00:00,0.98441,0.98859,0.98046,0.98832,242349.36090000003
29.12.2014,00:00:00,0.98830,1.02935,0.98424,1.00582,335345.3262
05.01.2015,00:00:00,1.00582,1.02165,1.00330,1.01180,577856.7286
12.01.2015,00:00:00,1.01180,1.02397,0.72627,0.85822,723620.7833
19.01.2015,00:00:00,0.85822,0.88361,0.84995,0.88084,471329.48829999997
26.01.2015,00:00:00,0.88084,0.92887,0.87635,0.92139,472304.27930000005
02.02.2015,00:00:00,0.92127,0.93451,0.91752,0.92614,446615.8965
09.02.2015,00:00:00,0.92628,0.93362,0.91951,0.93159,465525.0133
16.02.2015,00:00:00,0.93163,0.95348,0.92824,0.94050,641846.1377000001
23.02.2015,00:00:00,0.94049,0.95463,0.93993,0.95424,542863.7559999999
02.03.2015,00:00:00,0.95424,0.98699,0.95388,0.98451,399660.9556
09.03.2015,00:00:00,0.98451,1.01279,0.98248,1.00631,439354.43559999997
16.03.2015,00:00:00,1.00630,1.00909,0.96286,0.97761,366674.7832
23.03.2015,00:00:00,0.97760,0.98116,0.94901,0.96138,448476.09619999997
30.03.2015,01:00:00,0.96138,0.97558,0.94795,0.95251,376612.0034
06.04.2015,01:00:00,0.95248,0.98360,0.94994,0.97925,320627.0421
13.04.2015,01:00:00,0.97925,0.98628,0.94935,0.95144,403237.85709999996
20.04.2015,01:00:00,0.95147,0.97189,0.94996,0.95363,486218.1400000001
27.04.2015,01:00:00,0.95363,0.95982,0.92772,0.93328,493462.0728
04.05.2015,01:00:00,0.93328,0.94127,0.90716,0.93153,463544.0757
11.05.2015,01:00:00,0.93158,0.93583,0.90783,0.91534,476953.1846
18.05.2015,01:00:00,0.91534,0.94564,0.91534,0.94328,475363.6636
25.05.2015,01:00:00,0.94328,0.95429,0.93482,0.94151,418367.3027
01.06.2015,01:00:00,0.94151,0.95018,0.92771,0.94065,487214.2755000001
08.06.2015,01:00:00,0.94064,0.94290,0.92331,0.92954,447141.4631
15.06.2015,01:00:00,0.92954,0.93841,0.91506,0.91847,328629.8421
22.06.2015,01:00:00,0.91846,0.94171,0.91567,0.94035,360390.3086
29.06.2015,01:00:00,0.94035,0.95032,0.92427,0.94429,427686.0377
06.07.2015,01:00:00,0.94428,0.95150,0.93295,0.94009,532017.4686
13.07.2015,01:00:00,0.94009,0.96266,0.93675,0.96238,495526.0035
20.07.2015,01:00:00,0.96239,0.96489,0.95251,0.96256,420417.13519999996
27.07.2015,01:00:00,0.96257,0.97188,0.95298,0.96717,408777.6633000001
03.08.2015,01:00:00,0.96718,0.98835,0.96429,0.98373,392650.8349
10.08.2015,01:00:00,0.98374,0.99025,0.96770,0.97709,378803.21589999995
17.08.2015,01:00:00,0.97707,0.97978,0.94518,0.94729,343337.8173
24.08.2015,01:00:00,0.94729,0.96718,0.92577,0.96121,573978.4953000001
31.08.2015,01:00:00,0.96120,0.97702,0.95688,0.97181,408223.24559999997
07.09.2015,01:00:00,0.97181,0.98236,0.96781,0.96901,376898.24569999997
14.09.2015,01:00:00,0.96900,0.97632,0.95274,0.96936,354225.6553
21.09.2015,01:00:00,0.96935,0.98432,0.96425,0.97940,352011.976
28.09.2015,01:00:00,0.97939,0.98157,0.96443,0.97124,381519.69690000004
05.10.2015,01:00:00,0.97138,0.97672,0.95862,0.96131,347545.7759
12.10.2015,01:00:00,0.96129,0.96456,0.94756,0.95305,298341.11840000004
19.10.2015,01:00:00,0.95307,0.98002,0.94937,0.97881,317077.7314
26.10.2015,00:00:00,0.97880,0.99566,0.97566,0.98626,355939.1594
02.11.2015,00:00:00,0.98627,1.00760,0.98292,1.00570,326713.36449999997
09.11.2015,00:00:00,1.00569,1.00945,0.99889,1.00784,381700.2354
16.11.2015,00:00:00,1.00783,1.02190,1.00436,1.01968,395344.8351
23.11.2015,00:00:00,1.01970,1.03277,1.01434,1.03019,373628.2879
30.11.2015,00:00:00,1.03019,1.03197,0.98748,0.99682,505597.3474000001
07.12.2015,00:00:00,0.99676,1.00313,0.98029,0.98407,446451.5702
14.12.2015,00:00:00,0.98409,0.99908,0.97860,0.99185,483750.72290000005
21.12.2015,00:00:00,0.99185,0.99680,0.98517,0.98697,225248.8268
28.12.2015,00:00:00,0.98696,1.00286,0.98567,0.99957,190180.68310000002
04.01.2016,00:00:00,0.99961,1.01242,0.98800,0.99233,455332.9008
11.01.2016,00:00:00,0.99238,1.01059,0.99233,1.00178,525604.6931
18.01.2016,00:00:00,1.00179,1.01673,0.99902,1.01625,549299.6874
25.01.2016,00:00:00,1.01625,1.02559,1.01103,1.02440,549301.7111
01.02.2016,00:00:00,1.02440,1.02454,0.98810,0.99279,640734.4442
08.02.2016,00:00:00,0.99279,0.99726,0.96606,0.97815,885211.3452
15.02.2016,00:00:00,0.97816,0.99683,0.97715,0.99054,609838.375
22.02.2016,00:00:00,0.99056,1.00030,0.98524,0.99673,547133.4972000001
29.02.2016,00:00:00,0.99674,1.00379,0.98783,0.99426,573726.0489
07.03.2016,00:00:00,0.99427,1.00921,0.98028,0.98281,583576.2245000001
14.03.2016,00:00:00,0.98282,0.99130,0.96509,0.96977,547249.8178000001
21.03.2016,00:00:00,0.96976,0.97863,0.96749,0.97846,400804.91510000004
28.03.2016,01:00:00,0.97846,0.97856,0.95543,0.95861,477635.6196
04.04.2016,01:00:00,0.95861,0.96213,0.95196,0.95330,498115.0142
11.04.2016,01:00:00,0.95329,0.96877,0.94987,0.96632,467387.6365
18.04.2016,01:00:00,0.96629,0.97967,0.95846,0.97836,480360.13349999994
25.04.2016,01:00:00,0.97835,0.97845,0.95677,0.95875,559151.1133
02.05.2016,01:00:00,0.95878,0.97313,0.94437,0.97268,510352.4903
09.05.2016,01:00:00,0.97268,0.97738,0.96635,0.97552,420074.0215
16.05.2016,01:00:00,0.97552,0.99266,0.97471,0.99116,393918.5684
23.05.2016,01:00:00,0.99116,0.99489,0.98717,0.99476,417584.8091
30.05.2016,01:00:00,0.99476,0.99558,0.97530,0.97583,522168.34330000007
06.06.2016,01:00:00,0.97586,0.97755,0.95776,0.96457,432836.9077
13.06.2016,01:00:00,0.96457,0.96863,0.95712,0.95982,491387.1778
20.06.2016,01:00:00,0.95982,0.98023,0.95211,0.97288,595659.9678999999
27.06.2016,01:00:00,0.97288,0.98367,0.97100,0.97445,516343.1366
04.07.2016,01:00:00,0.97445,0.98657,0.96849,0.98321,385349.9953
11.07.2016,01:00:00,0.98322,0.98941,0.97641,0.98362,461282.74019999994
18.07.2016,01:00:00,0.98360,0.99064,0.98109,0.98818,1083005.4604999998
25.07.2016,01:00:00,0.98818,0.99499,0.96354,0.96944,1775920.4277999997
01.08.2016,01:00:00,0.96944,0.98303,0.96331,0.98048,1443645.8042999997
08.08.2016,01:00:00,0.98048,0.98431,0.97078,0.97463,1193326.7999
15.08.2016,01:00:00,0.97463,0.97586,0.95369,0.96183,1336626.0147
22.08.2016,01:00:00,0.96183,0.97922,0.95935,0.97788,1674666.7813999997
29.08.2016,01:00:00,0.97787,0.98845,0.97386,0.98009,1763631.3477999999
05.09.2016,01:00:00,0.98009,0.98136,0.96491,0.97486,1524700.7003
12.09.2016,01:00:00,0.97486,0.98178,0.96899,0.97976,1713620.5792999996
19.09.2016,01:00:00,0.97976,0.98185,0.96595,0.96931,1536745.2354999997
26.09.2016,01:00:00,0.96930,0.97550,0.96397,0.97197,1524988.4551
03.10.2016,01:00:00,0.97197,0.98390,0.97040,0.97761,1545039.4209
10.10.2016,01:00:00,0.97761,0.99093,0.97719,0.99046,1364511.9707999998
17.10.2016,01:00:00,0.99045,0.99616,0.98426,0.99423,1197454.4331999999
24.10.2016,01:00:00,0.99425,0.99985,0.98576,0.98756,450980.3575
31.10.2016,00:00:00,0.98756,0.99073,0.96745,0.97446,481906.4987
07.11.2016,00:00:00,0.97452,0.98992,0.95493,0.98967,688037.9532
14.11.2016,00:00:00,0.98968,1.01228,0.98939,1.01105,727220.3165
21.11.2016,00:00:00,1.01104,1.01914,1.00673,1.01260,623561.0733
28.11.2016,00:00:00,1.01263,1.02046,1.00729,1.01452,713297.6308
05.12.2016,00:00:00,1.01453,1.02133,1.00200,1.01802,558342.4781000001
12.12.2016,00:00:00,1.01801,1.03433,1.00832,1.02673,735513.668
19.12.2016,00:00:00,1.02676,1.03202,1.02181,1.02607,558668.6065999999
26.12.2016,00:00:00,1.02607,1.03209,1.00561,1.01877,513365.17
02.01.2017,00:00:00,1.01880,1.03348,1.00866,1.01743,671237.5018999999
09.01.2017,00:00:00,1.01742,1.02477,1.00413,1.00992,780010.5488999999
16.01.2017,00:00:00,1.00991,1.01363,0.99959,1.00118,717208.1974000001
23.01.2017,00:00:00,1.00117,1.00275,0.99595,0.99731,644241.7869000001
30.01.2017,00:00:00,0.99732,1.00443,0.98610,0.99230,689146.7301
06.02.2017,00:00:00,0.99230,1.00618,0.99035,1.00451,698993.797
13.02.2017,00:00:00,1.00449,1.01184,0.99665,1.00208,649787.6739
20.02.2017,00:00:00,1.00209,1.01407,1.00166,1.00891,580955.518
27.02.2017,00:00:00,1.00890,1.01459,1.00089,1.00776,610947.6426
06.03.2017,00:00:00,1.00777,1.01703,1.00725,1.00972,566034.5868
13.03.2017,00:00:00,1.00975,1.01166,0.99420,0.99742,549328.4731
20.03.2017,00:00:00,0.99742,1.00022,0.98778,0.98809,536283.8198
27.03.2017,01:00:00,0.98809,1.00296,0.98133,1.00221,495005.1675
03.04.2017,01:00:00,1.00222,1.00987,1.00074,1.00944,469069.4734
10.04.2017,01:00:00,1.00943,1.01074,1.00082,1.00505,431970.9888
17.04.2017,01:00:00,1.00507,1.00530,0.98947,0.99295,460339.45029999997
24.04.2017,01:00:00,0.99295,0.99802,0.98934,0.99425,529706.5337
01.05.2017,01:00:00,0.99425,0.99652,0.98584,0.98986,418424.5709
08.05.2017,01:00:00,0.98986,1.00995,0.98840,1.00096,467260.79199999996
15.05.2017,01:00:00,1.00097,1.00195,0.97231,0.97316,496538.80759999994
22.05.2017,01:00:00,0.97316,0.97762,0.96915,0.97492,438538.6817
29.05.2017,01:00:00,0.97492,0.98076,0.96213,0.96310,378700.13779999997
05.06.2017,01:00:00,0.96308,0.97275,0.96133,0.96902,419923.60530000005
12.06.2017,01:00:00,0.96902,0.97703,0.96404,0.97319,402206.77869999997
19.06.2017,01:00:00,0.97317,0.97659,0.96753,0.96908,350126.9288
26.06.2017,01:00:00,0.96910,0.97379,0.95523,0.95879,497084.5008
03.07.2017,01:00:00,0.95877,0.96879,0.95866,0.96351,456900.0744
10.07.2017,01:00:00,0.96351,0.97003,0.96152,0.96338,403749.6708
17.07.2017,01:00:00,0.96338,0.96583,0.94381,0.94465,624717.6578
24.07.2017,01:00:00,0.94468,0.97264,0.94452,0.96920,733560.7173000001
31.07.2017,01:00:00,0.96919,0.97639,0.96309,0.97276,595941.2277
07.08.2017,01:00:00,0.97276,0.97728,0.95831,0.96286,475526.9209
14.08.2017,01:00:00,0.96289,0.97653,0.95860,0.96567,533466.792
21.08.2017,01:00:00,0.96566,0.96984,0.95403,0.95535,486405.2549
28.08.2017,01:00:00,0.95535,0.96793,0.94279,0.96084,646647.7558
04.09.2017,01:00:00,0.96085,0.96175,0.94205,0.94754,720924.299
11.09.2017,01:00:00,0.94754,0.97049,0.94754,0.96072,676482.4892
18.09.2017,01:00:00,0.96072,0.97473,0.95800,0.97074,870892.3990000001
25.09.2017,01:00:00,0.97074,0.97693,0.96420,0.96823,666340.0137
02.10.2017,01:00:00,0.96825,0.98362,0.96821,0.97784,515923.9441
09.10.2017,01:00:00,0.97784,0.98071,0.97048,0.97457,491885.8926
16.10.2017,01:00:00,0.97457,0.98633,0.97295,0.98591,573394.7216
23.10.2017,01:00:00,0.98584,1.00377,0.98308,0.99799,630456.1542999999
30.10.2017,00:00:00,0.99799,1.00371,0.99384,1.00031,554984.8077
06.11.2017,00:00:00,1.00029,1.00287,0.99212,0.99658,485994.11569999997
13.11.2017,00:00:00,0.99660,0.99865,0.98459,0.98949,462794.20029999997
20.11.2017,00:00:00,0.98951,0.99465,0.97831,0.98038,478653.0069000001
27.11.2017,00:00:00,0.98036,0.98819,0.97347,0.98241,515184.3267
04.12.2017,00:00:00,0.98241,0.99774,0.98109,0.99293,429307.05090000003
11.12.2017,00:00:00,0.99294,0.99354,0.98396,0.99111,447985.1152
18.12.2017,00:00:00,0.99114,0.99173,0.98281,0.98822,439080.86789999995
25.12.2017,00:00:00,0.98828,0.99154,0.97337,0.97409,302602.43700000003
01.01.2018,00:00:00,0.97409,0.97971,0.96992,0.97504,328238.25870000006
08.01.2018,00:00:00,0.97501,0.98450,0.96654,0.96813,513522.14999999997
15.01.2018,00:00:00,0.96813,0.96846,0.95353,0.96152,644206.3910000001
22.01.2018,00:00:00,0.96155,0.96395,0.92892,0.93342,747074.9910000002
29.01.2018,00:00:00,0.93347,0.93931,0.92556,0.93123,770753.1386000003
05.02.2018,00:00:00,0.93123,0.94695,0.92869,0.93964,868991.3911000002
12.02.2018,00:00:00,0.93964,0.94012,0.91872,0.92722,655147.5610999999
19.02.2018,00:00:00,0.92723,0.94087,0.92624,0.93713,566430.632
26.02.2018,00:00:00,0.93714,0.94903,0.93251,0.93710,643021.7007999986
05.03.2018,00:00:00,0.93710,0.95341,0.93528,0.95083,646797.7699999989
12.03.2018,00:00:00,0.95083,0.95474,0.94239,0.95280,502243.18009999656